2228	2	681	1354
3772	2	493	232
3841	1	54	878
7925	1	688	501
6708	1	739	1104
9795	1	36	885
7972	2	795	125
70	1	934	13
1375	2	534	534
265	2	640	1083
482	2	678	913
781	2	471	971
3242	1	925	566
275	1	885	1250
7267	1	293	611
215	1	801	87
4266	1	574	713
5825	2	10	1365
6887	1	571	109
7145	1	320	1435
9060	1	349	680
2621	1	691	1052
8863	2	127	7
8363	2	106	1055
5371	2	881	459
5468	1	525	480
2482	2	37	9
6386	1	323	813
7335	1	197	1228
1524	2	901	809
8959	2	19	527
9940	1	1008	237
2107	2	439	35
5238	2	88	770
242	2	676	271
8900	2	16	264
1421	2	411	74
1607	2	642	1107
1166	2	215	355
312	1	958	1192
992	2	224	1402
6655	2	586	4
1637	2	688	453
562	2	687	1398
9308	1	305	396
6834	1	492	832
959	2	869	781
1405	2	777	1049
4262	2	348	664
584	1	589	334
4463	1	338	724
3812	2	536	477
6399	2	558	952
9421	2	546	1080
6766	1	892	1203
632	2	346	1352
7713	2	523	1029
593	2	880	392
6699	2	24	1156
2120	1	747	710
2733	1	609	24
2610	2	44	901
3342	2	99	574
4743	2	153	829
2860	1	525	1257
6820	2	227	313
959	1	675	636
4430	2	488	1048
2989	1	572	1202
7891	2	210	1198
3935	1	372	246
3198	1	742	96
314	2	195	1131
431	1	310	1067
7266	2	355	1190
3489	1	608	1245
9255	1	86	783
556	1	20	794
5347	1	886	387
2024	1	802	568
6411	1	739	1013
836	1	561	68
287	2	193	72
8603	2	169	411
1031	2	391	694
9685	1	594	50
7331	2	721	13
5500	1	1003	143
1042	1	967	461
8476	1	628	237
2092	2	379	1259
1797	1	452	988
9677	1	327	1361
9847	2	805	94
1510	1	485	1243
8929	2	1002	747
7045	1	213	732
4816	2	72	590
9394	2	475	1079
6111	2	954	70
6745	2	30	198
6631	1	971	6
2455	1	386	1431
8640	2	368	789
1903	1	719	809
2342	2	739	942
3545	1	104	84
3929	1	850	1345
5645	1	540	286
2192	1	629	721
3837	2	768	359
1984	2	188	917
503	2	19	1406
107	2	622	503
6073	2	25	137
3115	2	835	983
9972	1	425	289
4168	1	300	392
9505	1	735	212
108	1	693	1138
5145	1	715	577
7103	1	930	1391
379	1	992	511
9785	1	519	303
7959	1	86	215
3992	1	646	468
2409	2	528	1285
9639	1	637	821
4453	2	310	251
4435	2	389	1151
4497	2	196	1086
3852	2	725	688
2477	2	57	1031
1351	1	620	699
8442	2	449	164
1005	1	451	135
5546	2	836	468
3143	1	873	655
9418	2	589	558
6251	2	492	355
1037	2	939	379
9724	2	87	1253
917	2	403	887
5651	2	783	398
4639	1	693	788
6376	2	236	103
5228	2	491	759
1714	2	614	496
8555	1	397	473
849	1	894	956
9464	2	127	935
6050	2	496	1202
2584	2	577	675
2768	2	552	526
2191	1	54	193
454	1	26	575
137	1	693	554
3024	1	568	870
9441	1	419	188
5699	1	904	445
3186	2	320	936
6430	2	108	142
2440	2	262	851
6479	1	648	119
2746	2	693	118
7260	2	391	1037
8072	2	449	222
1889	2	302	405
6577	1	818	1196
3587	1	640	109
8290	1	931	662
4822	2	384	193
5218	2	323	708
1137	1	90	1239
7219	1	216	372
1851	2	667	548
5838	2	799	1335
3170	1	867	980
6695	2	245	1426
1539	1	586	1221
9341	1	113	542
3254	1	73	1324
6152	1	15	1288
467	2	493	1168
1461	1	823	1137
7908	1	423	106
9244	2	684	143
940	1	823	459
1542	1	422	970
468	2	268	502
1556	1	48	1376
9787	1	885	802
263	1	282	994
1555	1	459	1433
2169	2	560	564
3901	1	573	635
111	2	442	721
7884	2	747	956
4748	1	42	1093
5658	1	771	1345
4783	1	937	497
8884	2	807	327
1878	1	322	587
6779	1	373	605
752	1	197	219
2722	2	334	1317
1689	2	325	799
3263	2	223	55
9430	2	610	552
5699	1	747	157
6650	1	944	154
6957	1	367	24
2119	1	79	1232
9363	1	69	1050
5745	2	825	1110
7724	1	762	1130
6022	2	959	173
6051	2	544	771
4945	2	540	906
8382	1	988	789
9192	1	776	1111
1533	2	440	387
7696	2	70	17
731	1	194	1283
1013	1	470	1161
562	2	908	289
9858	2	516	1155
7714	2	346	540
7133	1	576	1050
1205	2	383	1096
187	1	116	1177
2225	2	705	1258
2726	2	233	1251
2560	1	536	159
3584	1	882	1261
950	2	771	1333
5739	1	367	1439
6920	1	819	1424
3272	1	155	214
8714	1	229	455
7978	2	166	1317
7486	2	573	100
4040	1	245	399
2337	1	270	616
2219	2	333	399
7161	1	346	420
7187	1	211	240
2191	1	688	481
4371	2	23	1045
7947	2	841	282
1008	1	276	178
1608	1	138	1308
8420	1	562	273
9745	1	318	429
4038	1	373	623
2896	2	145	546
5226	2	155	380
1432	1	917	583
1684	2	17	287
5059	1	49	1019
6372	1	902	47
746	2	533	1393
563	2	327	1018
3183	1	184	976
5735	1	210	258
5366	2	826	244
2356	1	35	699
13	1	426	683
4426	2	338	79
7256	2	473	408
915	1	362	1339
5343	2	836	404
1270	2	740	783
3743	2	807	8
7808	2	34	1265
2045	1	909	213
9430	2	916	1306
7398	2	368	1164
6655	2	63	664
8233	2	815	54
6296	1	57	523
1581	1	547	13
3609	2	318	296
7752	1	586	1408
1787	1	286	632
316	2	132	1299
6754	2	380	506
6194	2	584	861
5464	2	609	1181
4920	2	952	809
6590	1	951	327
301	2	761	1110
390	1	926	1329
8946	1	660	1399
2051	2	99	105
2902	2	55	1331
3602	2	676	398
5285	2	141	1221
7137	1	669	919
2795	1	186	925
4917	2	382	461
1712	2	296	350
8020	2	834	44
7516	1	588	30
1865	2	602	38
766	1	682	1257
1360	2	736	1152
449	2	597	1086
6314	1	333	723
830	1	832	688
3093	1	267	76
220	2	760	1031
4358	1	331	429
475	2	127	253
1694	1	16	746
3956	2	178	1185
1850	1	986	1132
9537	1	811	23
4793	2	981	594
2220	1	361	182
7056	1	871	1419
9007	1	475	168
752	2	742	29
5037	2	329	910
8972	1	919	1313
2103	1	459	698
826	1	552	68
8518	2	400	1331
8885	2	135	615
299	1	177	1236
4104	1	440	1024
6434	2	898	365
9771	1	307	87
3812	2	216	96
3536	1	228	843
2372	1	333	869
2324	2	25	906
3763	1	662	519
870	1	471	988
4687	1	950	101
8201	2	622	825
8206	2	736	370
9905	1	17	110
5288	2	601	277
1117	2	351	412
7067	1	43	202
5893	1	332	1369
1815	1	531	1119
1171	2	936	1422
2624	1	356	504
4328	1	831	1079
8112	1	554	43
2564	2	983	37
7218	2	952	37
5887	1	46	671
9176	1	603	163
225	2	689	733
8196	2	932	282
8604	1	110	396
4402	2	66	1103
1374	2	859	557
3931	2	165	1279
9430	2	1004	502
8068	2	644	185
6006	1	617	1135
8765	2	232	1375
6405	2	198	342
1508	1	687	1225
7977	2	49	156
3489	2	443	962
825	1	432	1317
9126	2	48	617
4881	1	56	556
7512	1	1009	1201
8808	1	431	1309
7806	2	187	417
9132	1	923	505
7656	1	528	148
698	2	385	918
1239	2	190	954
2310	1	175	444
3098	2	461	854
4304	2	585	713
5469	1	13	1278
9005	1	448	1005
7534	1	846	1406
2628	2	750	1007
1545	1	661	789
1165	1	740	1414
5209	2	1006	87
8790	2	429	545
2147	2	901	745
9171	2	656	256
4164	1	803	1288
2063	1	249	985
6524	1	503	1218
1726	2	584	20
98	1	42	155
33	2	633	526
2062	1	962	490
8616	2	715	698
698	2	257	730
1859	2	737	891
5365	2	971	201
8913	1	908	652
9498	2	883	588
3207	1	934	280
2142	1	830	841
966	2	321	354
222	2	510	379
2281	2	62	671
1053	1	769	786
2285	2	206	727
6170	2	592	656
898	1	133	423
1427	1	584	398
1711	1	538	34
7937	2	620	981
2691	1	512	875
4824	1	353	357
4351	2	344	477
6665	1	680	401
330	2	397	3
1665	2	216	0
2066	1	30	800
1752	1	322	462
8175	2	367	1224
1711	1	323	1417
3947	2	17	5
5790	2	109	1045
6135	1	957	884
5630	2	774	1288
6800	1	757	1093
3369	1	800	1167
5687	1	43	286
541	2	567	775
88	2	216	761
2148	2	822	1349
4816	1	415	1185
2662	1	914	942
9176	2	47	697
5518	1	990	1183
4045	1	557	821
8395	2	117	1095
1970	1	839	863
5364	1	211	904
3054	1	898	755
354	2	581	26
6012	2	60	4
1951	1	508	1192
2251	1	219	469
7837	1	758	433
5117	2	309	832
547	1	884	424
2168	1	670	1138
1780	2	629	788
9847	2	253	45
4674	2	418	176
6714	2	710	709
7994	2	952	876
772	1	650	740
6596	1	897	363
889	2	826	518
2123	1	667	131
5089	2	984	285
2257	1	304	416
5714	2	775	46
1792	2	916	642
6506	2	254	914
8985	2	290	890
7041	1	528	247
3734	2	752	817
3554	1	911	828
1527	2	662	320
4938	1	988	1208
7635	1	547	185
8383	2	577	852
8663	1	552	445
6947	2	767	108
3846	2	850	1348
1700	2	520	946
4787	2	436	536
254	1	63	1067
4954	2	723	26
3250	2	371	688
4835	2	617	444
480	1	903	526
2401	1	219	677
7846	1	133	167
3685	1	90	1072
3854	2	702	1423
9744	2	238	429
9219	1	292	79
3270	1	638	926
7694	1	129	6
364	2	793	1083
6043	1	437	451
8115	2	233	559
887	2	51	11
715	1	634	985
7958	2	60	1113
7991	2	520	205
1598	1	163	1273
2497	2	422	1296
9429	1	415	45
6228	2	991	255
6675	1	781	233
5909	2	673	680
4084	1	691	726
4049	2	309	655
8751	2	398	850
1815	1	1009	874
8560	1	189	1422
9969	1	406	742
103	1	396	1071
6082	2	330	1056
4083	2	338	430
284	1	806	397
8668	2	754	536
7897	2	833	1234
8624	1	406	110
2309	2	268	557
5770	2	767	326
1328	1	725	1258
4621	2	215	936
1020	1	28	494
1042	1	752	242
265	2	928	1008
2222	2	850	533
1696	2	51	443
149	1	64	373
4448	1	33	1198
4233	2	139	1389
7149	2	438	316
9119	1	510	137
547	1	541	684
9364	2	601	1258
5920	1	442	890
9890	1	822	966
4814	1	576	884
1633	2	223	485
7815	1	947	381
4643	2	446	645
8625	2	368	142
1927	1	107	23
8251	2	880	1008
744	2	409	319
2819	1	425	387
7403	1	481	792
416	2	453	1275
1223	2	110	1006
9863	1	553	29
1969	1	880	962
2985	2	183	358
1407	1	26	1225
4339	1	564	1317
9535	2	691	430
6142	1	299	796
1563	1	120	363
6192	2	224	1090
6187	1	32	180
981	1	222	356
2447	1	935	972
4588	1	730	1024
662	1	532	1390
9981	2	45	425
4093	1	923	998
7793	1	189	902
3146	1	507	501
3040	1	245	18
6300	2	769	720
1489	2	105	189
6361	1	212	161
2404	2	699	617
6338	2	566	773
5875	1	777	1070
4359	2	314	716
4843	1	788	1271
3893	1	992	797
9532	2	90	643
5772	1	74	1423
444	2	253	134
8774	1	395	689
5440	2	458	421
3213	1	827	227
2009	2	299	1117
9710	2	133	346
1462	2	301	348
3754	1	760	736
3848	1	147	326
976	1	889	914
9742	2	225	722
7727	2	255	128
3953	1	442	586
8414	2	86	1296
8273	1	35	206
9803	1	509	412
1701	1	269	1170
9923	1	592	1167
3062	2	215	956
6106	2	871	332
3885	1	865	423
2078	2	277	424
301	1	338	1219
5287	2	161	490
1338	2	259	946
12	1	648	1074
703	1	82	876
8418	2	313	1007
3269	2	128	732
185	2	800	551
589	1	940	129
1751	1	388	916
1120	1	669	142
3041	1	497	1217
8992	1	164	714
2145	2	519	81
4591	2	80	976
4085	1	513	408
8748	2	783	976
2607	1	158	448
4891	1	36	77
2682	2	947	293
8053	1	779	734
2174	1	792	761
4135	2	711	333
9766	2	638	802
2643	2	797	1018
1450	2	344	279
8600	2	878	1049
2784	1	407	134
3491	2	929	239
8034	2	267	753
3664	1	230	601
6171	1	1001	268
5617	2	356	486
6514	1	112	1120
5370	1	861	920
1837	1	347	300
7476	2	365	38
3892	1	146	191
1511	1	366	29
1335	1	721	1215
5899	1	286	763
7897	1	695	709
3197	1	935	147
197	2	304	638
7661	2	750	1004
1324	1	228	1260
4256	1	989	1281
3476	1	54	1251
8879	1	858	1154
8654	2	461	652
23	2	966	1425
8399	2	951	1222
5494	2	734	871
9315	1	681	288
9509	2	957	973
5450	1	784	64
6521	1	632	323
931	1	843	639
3122	1	32	348
4393	1	22	234
6219	1	948	671
1491	1	433	706
5903	2	109	840
1982	1	831	93
4577	2	1008	966
9829	2	335	1348
2482	1	199	474
7990	1	319	819
562	2	704	94
3341	1	84	796
3092	2	196	188
3518	2	179	1187
4287	2	978	114
6774	2	803	835
7428	2	746	789
6416	2	240	936
270	1	530	330
6083	2	994	532
1757	1	492	175
6829	1	644	1275
682	1	374	624
1685	2	942	646
9996	1	97	339
1532	2	555	1011
6431	1	938	1229
4483	1	427	531
831	1	180	266
8869	1	410	1067
9817	2	84	745
8035	2	743	435
1559	1	732	61
8152	1	327	250
2843	1	352	1261
9035	1	175	929
8583	2	428	1076
1229	2	421	91
8777	2	908	258
5023	2	104	1204
3428	2	506	250
7417	1	219	295
4327	1	717	787
2098	2	399	677
3225	1	852	759
2909	2	62	661
2892	2	94	102
940	1	216	943
1796	2	565	916
646	1	961	160
9500	1	887	1318
3439	2	89	809
2304	1	52	825
320	1	475	1023
1293	2	411	572
4260	1	335	813
2795	2	197	337
3797	2	416	941
8003	1	471	848
7467	1	70	787
8849	1	308	1028
8968	2	405	771
4130	2	537	235
8095	2	853	405
9123	1	672	858
3010	1	744	1432
501	2	990	1047
6000	1	999	716
9685	2	652	1214
86	1	197	455
2584	2	602	988
7426	2	226	689
8960	2	247	183
6292	2	937	7
3141	2	482	1156
2721	2	130	1308
2662	2	29	239
1225	2	25	916
6082	2	252	471
2956	2	206	327
7052	1	626	816
9059	1	355	1028
4177	1	133	831
1496	2	785	299
6650	1	133	1345
122	1	899	1425
7850	2	49	388
1711	1	217	1152
9170	2	193	1356
8596	1	422	1205
1807	2	413	912
3599	1	883	352
8777	2	341	1370
4695	1	426	456
9367	2	535	1419
8128	1	443	1284
6567	1	85	1205
7909	1	394	1123
789	1	940	1214
9402	1	943	453
2736	2	14	836
1955	2	277	671
3136	2	472	371
9599	2	436	187
7060	2	884	561
3560	2	896	1237
6911	1	80	1299
2229	2	551	896
2156	1	958	709
9097	2	726	351
995	2	531	614
2610	2	581	812
3951	1	624	425
7832	2	78	1205
1440	1	115	1141
41	2	122	1178
8320	2	199	230
5182	1	108	880
1953	1	903	1258
1054	1	92	257
7106	2	319	1156
4877	1	997	1289
4979	1	612	1165
2667	1	672	1403
6911	2	975	1230
2222	2	895	314
4355	2	462	808
6237	2	18	928
4645	1	667	1036
6256	1	470	218
3617	2	51	67
7345	2	49	1226
2943	1	976	231
8555	2	87	932
7572	2	63	327
4103	2	776	434
5711	2	115	935
5397	2	983	1296
4464	1	592	606
8725	2	933	176
2460	2	105	663
8244	2	52	600
9227	1	10	625
5234	2	77	607
474	1	790	735
8681	2	786	531
5654	1	683	904
1636	1	604	950
2526	2	481	647
4445	2	990	1372
7966	1	287	1132
394	1	232	302
125	2	270	26
1585	1	262	299
1890	2	684	1351
4460	2	174	2
8459	1	674	895
7724	2	701	185
6231	1	398	1377
2211	1	387	73
4108	1	650	641
9765	1	858	1087
582	2	403	1316
6846	2	819	893
3833	1	1003	391
6061	1	514	1079
4718	2	760	952
727	2	285	726
1208	1	170	1243
749	2	856	1112
2938	2	400	263
1998	1	316	1326
4327	1	932	742
4839	2	427	413
5146	1	771	1337
619	2	501	94
7373	1	822	242
5010	1	135	286
3961	1	916	600
6068	2	39	703
2789	2	677	6
1315	1	201	949
3029	2	48	1196
9518	2	677	585
3437	1	46	1132
2124	1	407	601
6905	2	173	862
7080	1	429	470
4176	1	670	1005
150	1	733	1349
2135	1	656	728
8609	1	820	543
5711	2	730	658
1843	1	448	1041
6050	1	844	386
3237	1	527	1276
6158	1	791	900
3417	1	981	1302
4483	2	873	1286
2029	2	234	7
5989	1	515	1420
5789	1	170	1229
6701	2	50	12
4607	1	971	409
2967	2	137	1235
7829	1	739	368
8661	2	428	1054
4093	1	359	10
5403	2	951	1026
5764	1	13	310
7954	1	893	324
8671	1	931	821
7092	2	250	385
4737	2	397	154
1510	2	802	1192
8216	2	699	753
568	2	575	795
8209	2	553	1300
4393	2	695	882
319	2	478	1399
4815	2	659	56
5670	1	413	766
891	1	618	396
5222	2	823	897
4663	1	140	1025
1432	1	662	1359
4391	1	455	1342
9077	1	979	232
7899	1	573	958
4028	2	610	2
8464	2	251	1425
3342	2	897	805
3579	2	612	1018
6692	1	812	47
120	1	156	335
9114	2	404	1393
1906	1	950	1340
618	2	643	1359
1371	1	63	608
8219	1	458	1092
2545	2	872	143
7118	2	76	796
2004	1	232	558
2005	1	320	952
6189	1	432	634
3658	2	466	1005
7774	2	93	865
4592	1	571	837
2270	1	89	391
3246	2	356	93
8719	2	330	803
6734	1	591	645
8356	2	105	128
3233	2	398	420
5180	1	829	1212
152	2	434	817
4489	2	342	940
7480	1	622	443
5512	2	82	1046
4157	1	681	290
7040	2	811	1205
9609	2	591	251
3799	2	743	1113
7226	2	312	624
4732	2	158	324
2406	1	208	286
333	2	800	1327
8078	2	190	693
1896	2	837	643
4921	1	29	348
4868	2	523	1184
14	1	302	1194
9551	1	587	1113
8018	2	748	142
3246	2	244	309
8627	1	478	40
833	1	919	688
1481	2	64	77
8963	2	537	696
5662	1	331	839
3755	2	820	209
6179	2	240	754
7025	1	694	369
8887	2	273	737
8325	1	240	1157
9013	2	809	151
3828	2	905	1130
416	2	694	654
3172	1	33	341
6161	1	518	276
8239	2	574	1419
3807	1	671	392
7103	2	738	1225
3567	2	46	98
2084	2	427	830
700	2	985	552
201	1	154	716
1875	1	245	346
1708	1	60	1291
1289	1	65	135
8147	1	260	134
6914	2	88	1141
1837	2	119	732
7580	1	163	1053
7176	1	23	992
4639	1	149	1421
8821	1	545	1145
8330	1	677	1349
9004	1	174	1186
2694	2	847	826
3901	1	982	1131
6757	2	252	789
8545	1	696	887
5956	2	94	1333
3677	2	331	764
6567	1	100	617
2705	1	760	1255
9184	1	836	887
6744	1	926	245
1346	2	876	88
4234	2	213	1306
3651	1	472	345
9711	1	243	1118
588	2	223	924
3301	2	283	923
4845	2	629	85
3229	2	384	672
1866	2	723	974
5194	2	294	1393
8502	2	811	419
8613	1	554	1061
4077	1	68	102
4185	2	685	1190
1	1	172	1052
8328	1	469	437
707	2	849	1406
3401	2	411	772
5926	1	703	153
7553	2	446	634
3672	2	957	559
8686	1	431	1330
5158	1	472	915
5267	1	739	860
440	2	606	337
4624	1	949	922
5978	1	572	228
3042	1	625	1380
5104	2	41	1022
9474	2	897	5
2694	1	600	292
2753	2	508	828
5502	1	482	559
2888	2	810	157
8893	1	906	492
7067	1	474	973
4288	2	607	444
1928	2	676	1321
2389	1	766	53
8830	1	231	31
512	2	29	96
468	1	44	851
1234	2	97	697
2644	2	592	27
9004	2	473	594
762	1	574	132
8668	1	473	1359
7025	2	651	395
1954	1	96	1195
8978	2	217	37
8054	1	66	850
9353	1	565	695
9985	1	822	581
3403	2	153	703
3362	2	825	186
1889	2	426	329
6497	1	433	218
2744	1	811	1306
7963	2	563	864
9487	1	888	521
7060	2	670	160
9388	2	348	1281
8485	1	526	1086
1766	2	195	1185
2674	1	322	1011
9884	2	56	796
8065	1	477	1260
1903	2	809	1081
7468	1	865	426
8193	1	382	180
2375	1	344	931
3256	2	46	91
6427	1	177	831
2316	1	866	81
9016	1	225	668
3710	2	792	1167
8629	2	319	554
3087	2	161	126
3549	1	879	1168
6753	1	515	734
3883	2	712	70
4662	1	136	1219
7198	1	358	120
5817	2	213	1074
7058	2	80	1065
3907	2	36	296
3481	1	331	1358
904	2	122	20
7489	1	237	815
3659	1	978	184
8086	1	491	1290
7380	1	968	811
2224	2	260	943
3201	1	343	698
9963	1	500	229
5378	2	371	707
5420	2	666	740
8750	2	416	1337
7339	1	306	696
8585	2	865	131
2689	1	267	516
82	1	865	316
977	2	250	381
3644	1	142	244
7715	2	974	1387
407	2	993	109
8024	2	618	523
3409	1	464	991
2742	1	646	720
4687	1	372	21
6361	1	277	1405
4649	1	140	463
9052	2	968	205
8433	2	167	286
2304	2	770	1035
1311	1	1006	426
7452	2	1003	1306
5409	2	544	47
1688	1	646	303
6678	1	675	27
8749	2	826	338
5349	2	914	1426
2523	1	244	1344
1090	1	713	203
3155	2	547	140
1663	1	579	336
6075	2	947	441
729	2	348	225
9074	1	787	129
4694	2	352	626
8434	1	583	434
4254	1	490	9
5282	1	319	1100
3886	1	358	1281
4368	2	910	1124
1592	2	904	234
1394	1	923	1412
3806	2	354	486
4432	1	395	456
6106	2	226	333
3903	1	189	387
6314	2	441	106
3279	1	93	472
7853	2	605	412
7253	1	138	545
1046	1	1008	54
9545	2	192	908
5746	2	23	671
6497	2	95	248
1434	2	676	594
4158	1	890	829
3582	1	165	832
66	2	704	609
8568	1	82	649
7445	2	479	132
7753	2	435	1319
5185	2	108	1365
2757	2	56	483
5764	2	988	474
2185	1	206	189
3425	2	958	620
8470	2	329	41
4752	1	430	313
3276	1	997	108
5035	1	595	384
4819	1	787	131
4268	1	978	472
4236	1	642	1245
5565	2	298	586
7726	1	947	60
7184	1	750	306
1713	1	156	376
4671	1	758	1378
5950	1	599	667
477	1	982	351
7960	2	528	1414
6586	2	493	35
3252	1	122	811
5098	1	511	1017
718	2	114	113
1213	2	164	419
9963	1	362	787
9837	1	487	951
8752	2	672	1089
6768	1	912	926
1299	2	948	1373
4572	1	850	20
1739	1	518	1024
875	2	445	683
7237	2	702	1075
5206	1	45	168
1343	1	330	726
3803	2	449	804
3602	1	811	220
5240	1	269	524
19	1	232	1260
1738	2	65	546
3632	2	153	34
6849	2	344	442
8716	2	205	1229
7248	1	138	701
2920	1	470	206
2458	2	802	1353
9053	1	336	1215
379	1	856	463
1577	2	541	906
6900	2	832	532
2110	2	987	333
4071	1	73	113
5805	2	204	669
679	1	151	1203
7823	2	590	1024
9700	1	714	763
1750	2	833	913
7672	1	93	1247
6556	2	812	191
8648	1	720	584
7064	2	743	655
7306	2	14	114
7412	2	274	150
7240	1	831	622
3084	1	981	1312
3348	1	775	67
8112	1	30	844
7226	1	301	329
5301	2	262	1101
6071	1	990	557
1621	1	44	682
3493	2	71	176
1080	2	921	190
8288	1	894	488
3858	1	442	282
9001	2	714	349
7367	1	153	1214
9197	1	974	557
5268	2	612	452
816	2	291	905
6718	1	501	757
8724	1	531	118
1899	2	64	881
2266	1	150	1164
3916	2	256	652
2462	2	232	218
6971	2	834	619
8977	2	17	576
4775	1	553	907
1066	1	596	468
8591	1	896	763
5494	2	401	318
3848	2	931	573
1824	2	859	988
9143	2	783	969
2387	2	306	127
3822	1	893	42
3591	2	67	747
4090	1	387	1022
1798	1	555	1019
7090	1	146	794
6193	1	247	1307
6907	2	281	292
90	1	583	716
5143	1	17	888
4759	1	822	451
9570	2	663	323
6157	1	68	266
4595	1	694	843
807	2	156	1342
4722	2	834	709
8540	2	334	912
9355	2	405	861
2124	2	503	1124
4464	1	606	274
9274	1	764	1045
1109	1	741	312
3851	2	946	782
2531	2	392	84
4377	1	881	594
2564	1	985	323
8963	2	652	246
1996	1	542	1107
5407	2	227	866
9629	2	440	1416
2611	1	41	659
1299	2	661	1049
3331	1	911	1372
4663	2	134	784
7653	2	343	960
6414	2	249	1006
4535	1	945	730
4182	1	696	677
1779	2	698	469
8559	2	23	1275
1317	1	407	756
6574	2	442	622
5206	2	247	1259
7450	1	486	1098
1276	2	470	100
2584	2	555	1173
1773	2	771	316
4555	2	312	292
6114	1	491	867
244	1	255	1155
8815	1	403	1216
4175	1	460	785
9344	1	419	490
8136	1	586	1025
3792	1	181	1295
6096	2	879	1338
8457	1	810	113
3098	2	827	888
312	1	917	420
1136	2	829	265
8178	1	1006	82
7934	2	38	592
7529	2	217	1144
1017	2	220	518
8175	2	380	1126
1901	2	400	596
8939	1	724	1250
6681	1	232	187
3541	1	49	549
2870	1	606	1036
1776	1	997	1117
5402	1	351	848
2506	1	817	1386
6128	1	661	33
5806	2	592	225
4636	1	989	910
4146	1	194	235
9315	2	969	347
2730	1	939	551
6364	2	432	31
6098	1	801	68
7363	2	513	1189
2202	2	121	232
8168	2	940	716
577	2	387	1324
210	2	793	199
4002	1	593	862
4808	2	143	1245
1010	1	76	957
4359	1	78	745
1286	2	47	832
3152	2	837	123
3596	1	242	1232
6744	2	885	1270
1068	1	809	105
9893	1	844	912
3938	1	522	1213
7975	1	691	1205
6393	2	634	1105
2029	2	880	100
5833	2	369	510
8365	1	341	1073
2357	2	33	562
4574	1	111	929
3446	1	83	812
4556	1	368	849
5503	1	979	419
5496	1	21	943
7329	2	511	1408
8313	1	401	799
5394	2	83	447
7286	1	736	24
1051	2	536	690
1468	1	877	548
1231	2	80	1246
8041	1	660	900
2762	1	476	316
853	2	57	1354
5113	2	302	409
3032	2	495	989
135	1	487	246
9871	2	434	1240
830	2	698	585
9639	1	414	811
6991	2	207	1082
4041	1	749	856
9401	1	170	264
5067	2	77	183
5949	2	378	577
6412	1	935	371
8962	1	962	365
6826	2	809	491
6743	2	410	612
1423	1	365	722
9698	1	231	83
443	2	152	175
2240	2	247	508
7070	2	796	478
474	1	598	242
4396	1	663	589
3384	1	692	33
7561	1	545	1024
3169	1	93	1284
1690	1	610	749
3533	2	736	236
3310	1	577	225
2076	2	400	864
934	2	470	729
1230	2	957	728
819	2	841	106
1614	2	500	1217
5137	1	785	313
81	2	779	892
4846	2	359	515
2348	2	758	255
7736	1	640	1335
924	2	942	18
3350	2	558	1431
5932	2	260	19
907	1	767	1307
6771	1	682	659
7962	2	132	1262
2820	1	130	1014
8211	2	867	399
8831	1	749	1239
22	1	910	625
2745	2	477	1314
7375	2	786	507
3134	2	580	1208
9965	1	641	1000
9662	1	339	975
8475	1	761	1032
7642	1	547	1167
5040	2	635	222
7770	1	392	726
3942	2	596	512
3334	1	672	148
872	1	311	154
912	2	505	1072
8439	2	913	299
3000	2	336	769
8088	2	379	1415
4136	1	843	950
8260	2	628	51
8948	1	760	1103
2807	1	548	652
4786	2	884	386
1812	2	130	736
7955	1	717	567
2651	1	544	51
2378	1	431	1003
4550	1	530	444
8963	1	243	49
609	2	978	934
4141	2	27	748
5009	2	134	1007
1887	2	120	1335
7688	2	440	1068
7672	1	429	862
2511	1	398	579
4231	1	353	1122
5680	2	136	911
9243	1	88	280
6559	1	164	224
9893	1	579	874
4273	2	133	1208
2604	2	867	1140
8411	2	80	848
5786	1	618	457
7676	1	309	977
9455	1	50	1356
7699	1	140	795
6173	1	652	824
646	1	134	1249
1626	1	683	536
4000	1	336	1386
9300	2	702	1263
1736	2	1003	498
9861	1	730	817
3461	2	198	551
7874	1	573	232
9926	1	403	589
2142	2	108	177
4822	1	678	570
2315	1	333	1276
7876	1	937	379
1873	2	310	463
9900	1	690	621
1241	1	333	548
2403	1	884	901
3425	2	973	358
217	1	298	136
5320	1	840	632
512	2	975	851
5393	2	503	174
1329	1	185	1141
9926	1	59	594
473	2	736	304
6614	2	176	1280
2235	2	372	796
677	2	845	811
8936	1	37	1188
1111	2	157	470
5850	1	929	1255
540	2	945	187
2014	1	33	248
5800	2	980	167
9492	2	756	1182
8153	2	877	668
5157	1	187	340
8206	2	953	1390
2593	1	691	170
3240	2	14	1191
8701	1	367	1187
6942	2	713	611
1632	1	59	725
2157	1	225	404
2203	1	473	973
4959	1	865	1087
1711	1	384	424
6682	1	890	1054
4920	2	1008	410
6179	1	535	1436
2089	2	567	1099
1733	1	79	475
2440	1	391	757
7056	2	1007	1201
1609	1	670	1383
5844	1	29	7
9933	2	677	677
8747	2	974	985
7009	2	553	102
3338	2	161	153
8175	1	189	1428
4823	1	17	44
1718	1	431	1424
5889	1	719	1035
175	2	846	876
63	2	854	1124
9107	1	738	271
3609	2	557	406
8281	1	28	468
1538	1	441	856
806	1	457	427
9385	1	80	946
4187	1	899	1046
2952	2	367	355
9348	2	521	1005
8277	1	957	1402
2656	2	50	475
6804	1	117	1020
4807	1	62	1247
772	2	832	356
5991	1	741	237
2108	2	1001	1055
5266	2	821	682
487	1	344	300
9448	2	617	1267
407	1	719	1410
1768	1	236	694
4665	1	760	905
7865	1	418	1175
2406	2	148	95
9873	1	240	300
6331	1	301	1013
604	1	767	546
9537	2	518	1008
7984	1	421	1398
7551	1	14	873
5881	2	500	1245
588	1	961	717
4439	1	593	1276
5458	2	782	509
1863	2	526	81
6030	1	618	495
2465	1	576	1064
6099	2	811	939
2677	2	465	454
3575	2	726	1039
2339	1	144	1154
3239	1	34	332
1676	2	900	263
6355	2	723	806
9099	1	805	1396
8839	2	432	632
829	2	547	1404
159	1	797	494
4116	1	140	806
9684	2	905	489
2290	1	811	142
4392	1	833	1343
1714	1	196	610
1719	1	291	88
2252	1	425	997
9308	1	356	594
2425	1	279	432
6672	2	75	894
2517	1	698	268
8659	1	316	1024
702	2	53	217
8088	1	870	1139
9886	1	226	1291
9092	1	957	227
5399	1	704	711
6259	1	824	977
6652	1	376	906
7858	1	372	499
7482	1	896	739
5940	2	711	113
9382	1	528	52
529	1	446	328
2199	2	776	213
2372	1	496	811
14	1	719	624
9784	2	801	1374
6184	2	693	262
677	2	728	89
2955	2	426	937
9275	2	41	1387
5777	2	605	480
9115	2	804	1428
1716	1	742	1286
5185	2	467	841
5815	1	396	523
9566	1	896	436
9387	2	160	1169
2858	1	21	178
4571	2	216	240
2465	1	754	532
9125	1	213	883
3905	1	299	1022
2553	2	869	858
59	1	791	426
7401	1	722	566
1752	2	498	934
6353	1	617	1199
8574	2	955	402
3404	2	812	1
5969	1	359	355
4682	2	497	1370
4242	1	821	291
2286	2	552	1214
2760	1	952	239
8837	2	265	1156
5465	1	384	695
1195	1	739	758
8811	1	544	1122
3200	1	342	821
8842	2	225	199
3125	2	306	1298
5635	1	158	692
1846	1	830	182
1340	1	311	1323
8481	2	106	1371
8962	1	279	1185
2897	1	917	913
7997	1	77	541
4483	2	89	154
4771	1	262	1183
681	2	433	910
3499	1	610	662
1182	1	10	152
8677	1	122	1192
5132	1	487	919
3253	2	817	1263
1950	2	219	1182
1969	2	240	150
8899	1	947	1044
4962	1	215	1312
100	2	529	884
6535	1	235	609
1202	2	226	1263
8021	1	411	771
7682	2	1001	1349
899	1	362	962
3853	2	923	496
5079	2	968	1072
3202	2	656	953
4066	2	73	595
1743	2	64	1024
5897	1	964	962
9318	2	420	249
2639	2	37	43
9460	1	360	1097
6146	1	700	912
7795	1	600	333
7440	2	923	1125
5640	2	376	788
2343	1	644	404
8290	1	674	416
8450	1	505	217
9579	2	12	393
2333	2	146	582
2212	1	87	889
1923	1	211	288
37	2	986	849
3001	2	219	64
4285	1	180	163
1461	1	303	947
7404	1	542	1430
5213	1	876	123
7492	1	991	965
8503	1	888	1100
1411	1	933	1248
5380	2	754	1199
784	2	339	1097
6663	1	101	163
4383	2	366	505
3773	1	753	535
6786	1	934	409
38	1	42	721
8950	2	475	1353
4401	1	215	1322
2291	2	462	956
4777	1	100	367
218	2	579	90
8867	1	1009	929
5955	2	222	252
1250	2	825	150
2870	1	851	628
2393	1	100	407
8793	2	380	802
2844	2	405	0
1176	2	31	224
1528	2	940	1027
4654	1	142	856
2587	1	685	677
9948	1	445	776
9093	2	271	1182
2389	2	71	325
3631	1	646	1373
1777	1	713	1397
7428	1	210	99
6335	2	198	883
8048	2	742	1316
2447	1	929	334
3338	2	658	873
2341	2	30	1099
6228	2	57	208
2024	1	905	1279
4109	2	779	170
9930	2	805	150
131	1	876	604
6421	2	655	815
6914	2	20	222
22	2	433	829
2680	2	237	767
4027	2	568	1223
2062	1	744	320
8169	2	669	1416
4881	1	104	244
1725	2	655	529
3477	1	252	935
9515	1	672	866
6896	2	850	724
2609	1	572	885
3645	1	727	940
4804	1	637	1427
4073	1	736	1110
920	1	482	796
4089	2	12	298
4243	2	355	516
197	2	623	181
844	1	78	1392
8627	1	489	888
4610	1	309	221
4116	1	685	712
5905	2	830	90
7225	1	859	1264
337	2	538	937
8539	2	654	938
6685	2	926	1122
8646	1	87	362
618	2	733	1168
518	2	464	820
4064	2	684	241
5997	1	649	192
3265	1	261	506
8066	1	102	733
2485	1	637	657
8290	2	943	1259
5193	1	406	882
1737	1	415	896
6573	1	173	970
5385	2	838	196
8437	1	12	543
4010	2	495	789
2704	1	249	1030
1243	1	315	1411
7872	1	38	715
8098	2	716	341
2862	2	407	653
3320	1	714	674
3372	1	727	1376
4561	2	657	89
4513	2	716	105
1370	2	753	1434
3070	1	326	1413
110	2	373	1306
8926	2	484	610
9601	1	165	931
1067	2	327	1252
9772	2	13	1106
7191	1	972	514
9945	2	947	759
5141	1	414	518
146	2	460	825
3475	1	411	465
1439	2	375	527
2775	2	946	1365
7109	2	585	808
9958	1	403	1368
7342	2	648	516
7778	1	895	1080
7990	2	952	856
1781	2	715	609
678	1	665	366
6314	2	634	121
5904	2	230	386
8600	2	376	53
4111	2	207	1383
7383	1	575	1185
837	1	817	1088
141	2	70	92
6576	2	417	167
7757	1	189	1401
8441	1	636	1290
7154	1	707	863
986	1	274	1033
2468	1	712	426
7746	2	694	409
5877	1	435	1288
3029	2	80	260
6970	1	629	1244
8871	2	556	902
683	1	659	639
7795	2	632	306
8712	1	81	282
7961	1	521	1195
1793	1	914	142
8570	2	239	171
6531	1	416	812
5985	1	108	479
816	2	714	1309
1778	1	129	1001
3906	1	601	155
5361	2	65	317
4487	1	363	277
1915	2	1004	389
1127	2	464	1327
5981	1	246	797
4664	2	567	576
353	2	445	504
1319	1	178	947
8464	2	926	313
9895	2	86	1031
6416	1	625	954
8152	2	436	879
5241	1	984	744
362	2	898	1266
38	2	92	421
786	1	931	75
430	2	72	1093
1124	1	67	778
7295	2	412	1073
1573	2	140	850
9240	1	940	1256
4297	1	67	153
7526	2	182	89
2086	2	196	747
138	1	536	1034
614	1	810	839
9952	1	743	1300
8060	1	904	1281
867	2	561	1380
4966	2	883	222
6928	1	660	1276
7102	1	988	539
7250	2	180	560
9059	2	731	1158
4428	1	129	1001
3628	1	503	483
5958	1	662	773
8034	2	904	553
4215	1	300	597
431	1	845	1379
7155	1	701	1086
953	2	998	335
5402	1	378	889
5310	2	163	802
3906	2	589	83
8504	1	139	1058
5541	2	711	686
8776	2	446	1354
9877	2	164	318
9035	2	459	1002
7731	1	898	492
2854	1	324	356
2597	2	53	918
2402	1	276	976
1701	2	102	493
3241	2	456	409
79	2	159	182
4305	1	411	126
5374	1	929	682
2571	1	640	914
3473	1	366	470
1235	1	524	732
2583	1	511	283
2576	2	289	1080
2606	2	951	1423
7094	1	668	116
5236	2	311	410
4570	1	216	404
9237	2	136	1242
308	2	233	1167
6570	1	44	960
5474	1	274	1327
5855	2	797	369
449	1	192	980
6092	1	948	357
4441	1	372	754
611	2	107	587
1491	2	509	1422
5601	2	171	420
4423	2	955	966
2263	1	88	803
3979	2	925	262
4128	1	344	1076
1568	1	412	755
2345	1	551	434
6592	2	902	1412
107	2	430	814
5703	1	861	260
2274	2	815	1359
2777	2	565	626
167	1	835	141
3589	1	321	353
9976	2	645	820
6760	1	950	792
1302	1	956	1288
3853	2	198	274
7601	1	268	1307
8501	2	719	511
9668	1	589	88
4708	1	297	290
1996	1	323	1308
1395	1	868	369
1666	2	716	1240
4430	1	928	1432
3510	2	102	880
8295	1	210	566
1049	1	374	447
1841	1	758	1375
7072	1	194	657
919	1	87	664
5	2	744	359
1248	2	689	990
990	2	37	1302
3092	1	848	1184
9044	2	23	296
8467	1	102	192
7428	1	858	378
4009	1	25	1205
5304	2	207	348
7455	1	339	1324
125	2	625	437
7625	1	120	1026
1348	1	734	412
1866	1	411	1324
3783	1	820	832
5910	2	777	144
8416	2	33	1057
8914	2	948	1289
1182	1	554	756
2106	1	266	1351
287	2	237	35
9251	1	212	781
8720	2	646	459
119	1	423	1137
377	1	590	28
5280	1	38	543
6294	2	272	1373
545	2	438	630
59	2	930	453
2720	1	552	425
3923	1	738	483
1154	2	491	1055
4085	1	470	503
5	2	112	628
7775	1	131	566
744	1	540	630
7811	2	207	1066
4306	1	625	745
6794	2	95	943
9018	2	725	99
2625	2	937	1272
9248	2	122	625
9807	2	11	1224
3218	2	924	336
9791	2	131	793
2614	1	374	1237
6607	2	780	345
5823	2	85	1061
945	2	784	328
8512	2	236	797
9523	2	696	699
7818	2	622	1324
9650	1	293	283
1724	2	191	20
44	2	227	327
6390	2	980	1069
6947	2	937	1294
1549	1	302	34
383	2	730	598
9878	1	187	562
1226	2	119	409
7831	1	684	720
2880	2	163	1346
6565	2	800	899
4858	2	621	884
3133	1	688	1254
6023	1	794	963
1301	2	849	873
220	1	936	1240
4295	2	677	1263
6617	1	916	882
8759	2	850	366
1858	2	661	1088
9065	2	674	275
267	1	630	296
6692	2	521	827
9743	2	832	227
6584	2	674	730
4626	1	950	990
8095	2	723	408
6989	1	711	923
3402	1	524	1263
8799	2	584	974
7233	2	404	878
7549	2	263	833
2880	2	700	89
4910	1	721	1104
1807	1	385	615
9481	2	29	1101
3989	1	950	898
1950	2	598	925
7894	2	72	1195
1569	2	517	665
7928	2	153	1108
118	2	589	206
4290	2	94	1028
7657	1	701	798
9699	1	880	630
7450	1	914	1245
6358	2	855	218
8828	1	714	468
4728	1	490	946
5844	2	746	33
2057	2	248	310
5562	1	649	885
7660	1	227	1265
449	1	371	1109
9646	2	63	450
6537	2	342	1242
7303	1	543	93
4012	2	448	1169
9865	2	1001	807
3568	1	856	1051
1563	1	45	797
729	1	408	686
7490	2	922	493
9315	1	418	275
701	1	433	187
2268	2	784	838
734	2	720	1341
4998	1	673	889
7810	1	448	192
2712	2	299	1104
8957	2	407	1185
3646	2	92	902
993	2	654	789
4582	1	208	487
8697	2	452	1186
5042	1	286	1333
2144	1	922	131
8231	1	147	1251
5828	1	406	935
6198	2	349	573
817	2	760	1171
7876	2	473	30
1591	2	231	1115
6300	2	942	1399
5784	1	709	1005
6529	2	888	975
9218	2	94	391
5503	2	702	254
9979	2	678	700
3713	1	468	1073
5501	1	304	563
8783	1	489	1097
979	1	264	776
8713	2	290	1116
2957	2	25	265
7507	2	565	786
3168	1	855	250
5519	1	839	73
311	2	831	465
1598	1	375	337
6539	1	490	1082
6074	1	721	1329
7437	1	38	1364
2791	1	420	769
549	1	421	51
9676	1	908	237
4153	2	492	1116
9571	1	112	1433
3990	1	741	396
4541	1	149	87
4077	1	349	1330
4888	2	578	498
543	1	719	784
1661	1	521	359
6188	1	415	382
9402	1	44	135
1421	2	352	1222
1910	2	70	86
9775	1	463	393
3659	1	182	879
8139	1	309	313
9901	2	128	541
9369	1	176	509
9653	1	884	355
5172	1	875	48
1699	1	884	310
8000	2	330	1026
1915	1	978	574
3805	2	967	917
9152	1	776	1177
4905	1	800	609
9070	2	406	887
8156	1	542	1330
982	2	288	1086
471	1	47	1125
1562	2	1005	1000
4578	1	149	622
7118	2	577	737
5026	2	293	564
3808	1	219	393
3220	2	569	627
2555	1	576	1208
2700	2	766	57
7460	1	207	245
203	2	831	426
8914	2	243	125
2987	2	880	1437
1887	2	764	1059
5321	2	388	764
1080	1	110	1162
5685	1	784	200
6336	1	824	268
2534	2	133	658
8754	1	86	855
5839	2	234	35
8738	2	79	1003
4898	2	111	693
5861	1	616	253
6988	2	379	728
5098	2	160	375
596	1	695	1038
3799	2	482	21
8885	1	473	1167
9977	2	806	394
644	1	834	870
6380	1	888	921
2426	1	49	562
9749	1	887	892
1063	2	69	998
311	2	871	737
5682	2	703	9
7538	2	879	391
587	2	638	407
1217	2	316	838
8837	2	504	126
6474	1	277	1284
5005	2	792	385
271	1	597	609
6354	1	474	89
9084	1	604	236
8239	1	513	1007
4672	1	126	1163
1315	1	370	643
6095	2	130	1303
8374	2	382	585
9215	2	764	766
2047	2	556	326
1370	2	348	895
5366	2	436	119
146	2	605	785
4289	2	557	555
9617	2	150	221
4292	2	273	548
8406	1	612	1119
6617	2	932	90
4106	1	847	329
297	1	832	343
5673	1	408	321
4900	1	123	156
9912	1	338	1182
756	2	879	731
971	1	214	430
3262	2	801	987
6096	1	132	722
9614	2	643	727
9473	1	25	256
4084	1	875	543
1718	2	524	385
8475	2	602	950
7444	1	936	1297
3428	1	277	1106
3555	2	837	930
8158	1	191	415
4402	2	775	633
3803	1	69	1116
5496	1	909	399
6415	2	752	380
233	2	52	113
9589	1	759	39
108	1	961	769
100	2	547	1142
726	2	274	307
7039	2	177	251
805	2	990	112
5646	2	395	439
1920	2	592	1078
2469	1	791	353
6788	1	800	694
2326	1	998	38
578	1	42	917
7801	2	351	355
4612	2	629	812
4410	1	810	109
2502	1	726	1096
9359	1	669	10
9268	2	250	682
2743	2	50	85
3500	2	127	744
8351	2	263	349
8524	1	756	1163
5824	2	189	1319
3840	2	452	1295
5806	2	137	1000
5089	1	272	261
8600	2	886	1100
6446	1	713	148
7517	2	729	274
4328	2	898	468
179	2	475	685
5207	2	604	530
2835	1	387	1092
4742	2	960	1007
7082	2	674	82
3778	1	281	97
9607	2	85	1000
8449	2	183	432
9870	1	62	294
3285	2	309	442
3579	2	596	1350
585	2	707	80
4712	1	798	1329
4497	1	141	23
2728	2	579	1287
6409	1	34	871
2779	2	557	156
6621	2	599	1135
1116	2	154	53
2389	2	505	655
6268	1	322	207
9470	2	510	1053
3235	1	212	1081
9453	2	245	1121
7804	1	785	1077
1175	1	33	441
7855	1	366	603
1789	1	411	54
4777	2	830	86
9748	2	597	252
4054	1	430	36
7922	2	671	1158
7648	2	248	1434
5858	2	309	416
1693	2	57	702
603	1	615	1259
7065	1	282	460
1018	1	744	348
3590	2	362	754
2339	2	768	125
489	1	971	1107
5904	1	418	139
4316	2	729	1031
8056	2	839	1367
982	1	926	889
6376	1	897	5
4045	1	889	169
7862	2	592	304
3843	1	354	776
3961	2	185	739
5667	1	104	1246
2473	2	169	289
5399	1	691	295
3560	2	62	1023
5872	1	106	337
4293	2	495	997
7941	2	853	1216
5624	2	336	16
9485	2	348	1099
7900	1	295	691
7442	1	719	1276
7713	2	313	785
3323	2	252	500
8839	1	966	325
6804	2	69	389
5587	2	592	1050
7759	2	615	789
7479	1	432	819
804	1	836	770
5850	2	857	1253
8896	1	625	696
577	2	787	631
8253	2	816	285
8725	2	809	361
6274	1	271	934
8990	1	468	266
1887	1	384	447
5163	1	198	1409
8892	2	896	711
1534	2	575	197
8357	1	664	113
9009	1	443	837
1841	2	598	1156
397	2	282	1408
3661	1	621	988
7485	2	208	846
7861	2	488	1095
8376	1	82	437
1444	1	859	233
3361	2	247	213
9521	2	395	440
1527	1	428	381
119	1	17	640
9287	1	54	147
4148	2	811	1409
4097	1	589	1233
1173	1	867	716
6113	2	339	834
5402	1	142	10
7932	2	985	73
3507	2	798	1301
4449	1	506	858
7123	2	184	220
2952	2	742	543
1146	2	599	644
7922	1	905	948
9364	1	535	449
5948	1	865	395
2638	1	99	1025
4260	2	699	841
1639	1	911	130
2753	2	23	583
4303	2	950	247
5170	1	727	531
9545	1	486	615
406	1	884	780
9035	1	39	429
4650	1	834	9
6340	2	744	217
1492	1	743	915
1837	1	266	206
3332	2	423	518
5101	2	355	162
5227	1	619	1300
8017	2	956	609
3415	1	173	1410
6441	2	187	362
1798	1	45	1001
5962	2	106	1265
838	2	208	311
1760	1	486	635
4522	2	12	1195
1470	1	633	1253
8530	2	349	796
2638	1	889	509
9253	2	675	595
9920	2	246	1383
2441	1	594	652
5184	2	903	762
4262	1	840	313
6759	1	302	1089
5384	1	58	1375
3878	1	784	346
5768	2	440	23
5204	2	910	26
8617	2	460	1102
377	1	847	807
7830	2	479	229
9504	2	715	700
4000	2	597	498
5675	1	185	1065
6198	2	748	990
9873	1	538	1424
1712	2	288	389
3365	2	76	1097
8792	1	370	953
4664	2	1000	1119
6271	2	92	94
4569	2	460	337
4502	1	375	751
4699	1	786	882
5937	2	85	408
8428	2	959	969
9808	1	551	955
2676	2	805	562
4271	2	273	1259
2580	2	586	1307
4814	2	857	436
2559	2	759	1352
1226	2	531	753
8098	1	921	912
3719	1	128	1140
2233	1	227	221
4710	2	162	1409
5522	2	593	15
1452	1	866	1427
9042	1	543	1178
1069	2	298	950
1475	1	296	771
8004	1	339	491
8592	1	808	648
1711	1	153	360
236	1	427	853
5058	2	674	1045
765	1	907	1295
4676	1	962	48
5908	1	870	1197
4782	2	722	426
8038	1	845	1370
4032	2	468	711
128	1	711	1077
9227	2	849	482
8134	1	603	1297
3127	2	164	231
2547	2	178	405
6352	2	876	823
2334	2	779	1308
5073	1	933	648
8543	1	124	566
2192	2	559	802
2584	1	832	838
7682	2	374	3
5247	2	203	1346
6880	2	537	1435
9810	1	800	502
8412	1	667	49
8165	2	956	1057
6822	2	573	476
3800	1	776	23
5927	1	129	267
7205	1	379	605
7943	1	272	862
4281	2	86	912
6726	1	158	139
7159	2	14	415
631	1	489	26
5264	1	301	108
1169	1	870	744
9869	2	353	206
5756	1	179	1192
8894	1	723	946
5641	1	958	221
256	1	322	181
4077	2	740	930
1481	1	254	1356
8583	2	563	355
5711	2	989	477
6713	1	25	801
6741	1	17	1251
2653	1	987	241
7668	2	816	910
1177	2	823	637
5208	1	930	129
756	2	10	770
8226	2	599	1106
6307	2	338	144
248	1	23	429
2666	2	229	749
6176	2	184	1041
7212	1	601	83
230	2	843	817
2139	1	377	333
1938	1	479	52
2981	1	14	638
7323	2	477	1430
7993	1	500	762
8041	2	330	933
8246	1	769	811
6894	1	720	1029
137	1	666	1262
9615	1	605	748
7046	2	318	371
5215	2	330	1191
47	1	216	1344
9320	1	838	275
6067	1	89	687
8260	1	737	261
8479	2	940	1323
7831	2	705	226
3452	1	272	919
1108	2	752	1415
3187	2	857	1319
7093	1	508	643
7100	2	920	325
1184	2	286	952
9391	2	862	717
6947	1	419	1374
7329	1	805	882
1525	1	590	992
9187	2	504	823
6694	2	892	93
2409	1	221	1334
1856	2	975	968
8649	2	930	988
38	1	908	1384
5675	1	141	555
8472	1	212	1400
8915	1	835	983
23	1	687	360
4925	2	18	202
867	2	860	27
4983	1	239	1056
9515	1	474	1127
5669	1	873	1227
7751	2	898	249
650	1	363	1040
1690	1	875	14
3303	2	166	1193
6457	1	981	1178
1763	2	949	449
504	1	174	837
6357	2	887	827
6185	1	913	1001
5619	2	897	107
5643	2	817	597
2523	1	889	1306
4035	2	826	1069
6992	1	820	774
233	1	281	456
6965	1	209	64
1624	1	967	1040
1380	2	147	813
4085	1	394	102
4974	2	707	294
1118	2	99	28
8862	2	444	633
5874	1	513	1113
8588	2	389	997
2939	2	757	1112
8438	1	587	641
4698	1	700	233
8768	2	508	1430
706	1	185	622
4655	2	245	1056
1165	1	40	735
6958	2	117	177
7257	1	891	199
9168	1	592	1294
4502	2	745	1318
2801	1	13	1391
6822	1	986	1165
1835	2	247	1188
867	1	245	964
761	2	912	1259
5500	1	498	647
3355	2	65	411
3228	1	56	516
4462	2	236	1084
1743	1	320	415
5277	1	539	44
7993	2	263	622
547	2	822	1308
6840	2	384	510
8190	2	48	209
2718	1	304	108
238	1	98	580
7082	2	449	461
1724	1	807	1250
6584	1	144	775
1508	1	566	172
4247	1	807	853
2737	1	876	1368
1977	2	683	1030
6793	1	280	1294
4394	2	927	223
8096	2	340	12
7244	1	383	757
3473	1	626	483
1716	1	773	979
9007	2	21	152
9353	1	832	1402
9892	1	132	227
7338	2	448	1212
415	2	723	115
517	2	764	1088
9222	1	849	1160
4261	2	204	642
5339	2	483	984
4215	2	71	144
1022	1	999	395
2291	1	926	1070
420	1	674	895
1827	1	447	530
635	2	451	1029
2385	1	539	1128
5793	2	862	641
4187	2	704	1295
7990	2	898	398
2189	1	256	27
8950	1	443	1240
6537	2	112	1201
9766	2	176	1344
3150	1	594	910
757	2	126	124
686	2	251	1057
1562	1	372	1236
2683	2	782	204
1483	2	181	645
3808	2	119	583
7773	2	369	354
4649	2	241	700
9110	2	75	687
3383	2	448	1100
7138	2	564	228
1531	1	831	905
3675	2	799	1040
9363	2	812	1306
1532	2	508	179
3223	1	263	922
517	1	38	226
202	1	943	313
1989	2	220	1063
9202	1	645	441
8594	1	115	287
8869	2	447	658
9787	1	834	1051
9009	2	894	656
363	2	245	159
1175	1	673	528
791	2	147	133
9961	1	215	454
1175	2	1008	91
99	1	801	345
3153	2	492	1281
7630	2	349	133
1444	1	993	1068
734	1	484	408
1176	2	521	198
6326	2	982	118
989	2	654	1356
3536	1	328	1046
2420	2	920	526
1269	2	293	1090
5653	1	643	211
957	2	673	1243
4327	2	582	690
7379	2	600	1234
564	2	365	922
6232	1	469	656
3020	1	391	138
3137	2	372	687
5064	1	921	1210
1096	1	289	415
9924	1	402	1296
7687	1	174	258
8746	2	285	204
719	2	577	752
7795	1	546	1021
4698	1	915	820
3616	1	621	1098
9735	2	58	429
3971	2	885	874
8382	2	792	942
114	2	622	1227
8866	2	522	1182
4226	2	320	367
8439	1	1002	601
974	2	365	74
6487	1	694	1005
2652	2	303	358
3306	2	222	989
5561	1	416	895
5255	2	90	1154
7200	2	16	1384
5100	1	626	293
7582	1	147	1092
3673	2	355	486
6790	2	224	557
2868	1	985	697
1711	2	75	1392
8261	1	583	675
3476	1	540	335
4758	2	761	225
5154	2	254	894
5723	1	419	546
7389	2	816	39
1272	2	743	808
7052	2	72	486
7284	1	683	907
9990	2	323	1325
2974	2	601	117
1728	2	342	1153
2549	2	709	391
4550	2	616	1211
8204	2	450	1427
9170	1	709	1256
2749	1	357	224
8319	2	165	778
3560	2	784	809
2748	2	898	1301
9544	2	265	1150
8552	1	454	1011
1604	1	736	930
4144	1	891	896
6103	2	253	1387
7448	2	233	1134
4123	1	936	1093
3842	2	708	642
1441	2	111	1103
7088	2	996	917
1519	2	915	1372
1607	2	587	1204
2590	2	235	756
5460	2	225	64
8838	1	127	1264
9734	2	459	559
3994	1	950	450
6943	1	272	1258
7936	2	818	939
9685	2	131	621
164	1	615	162
8931	2	204	1258
1819	1	111	980
8101	1	599	518
8441	1	704	1246
7857	1	380	793
7409	1	420	1109
63	1	925	723
3344	2	921	1183
5220	1	67	370
3745	2	159	1047
8484	2	480	621
7043	2	508	941
4208	1	14	12
7516	2	219	1315
142	1	199	845
3219	2	665	49
2952	2	540	161
9091	2	223	194
7836	2	519	141
8627	1	251	1045
2239	1	704	714
1316	2	158	317
6424	2	555	197
814	2	39	993
4304	2	720	63
588	2	935	1213
7750	1	426	398
7504	1	195	607
1148	2	273	1018
8434	1	93	1290
5592	2	120	1153
951	1	451	1143
1637	2	463	467
9214	2	447	815
4454	2	50	823
4550	1	125	210
6455	1	216	5
9521	1	400	1364
8964	2	926	554
7788	1	293	922
262	2	298	1319
9747	1	591	865
4358	2	304	754
3350	1	41	856
9407	2	23	627
3481	1	903	1345
2500	1	533	1288
8197	2	406	1204
6271	2	511	641
760	2	415	764
8512	1	698	133
6829	1	856	55
345	1	85	683
239	2	874	1050
2340	2	869	1090
7300	1	308	75
7025	1	295	1066
3532	1	415	710
2604	2	809	249
3393	1	1000	761
2561	1	858	55
3518	1	802	711
946	1	694	482
2328	1	41	712
8981	2	139	426
8685	1	71	647
6959	1	814	470
5243	1	587	996
2902	1	630	285
2523	2	621	1392
2051	2	832	942
452	2	555	627
460	1	130	41
2321	2	311	1289
9314	1	488	99
2834	1	175	640
9481	2	754	1414
3023	1	252	956
166	2	243	271
5408	1	556	1012
2738	1	419	78
4336	1	512	915
4814	1	902	1194
3185	1	542	1111
3966	2	716	122
1814	2	63	981
2755	2	183	845
1960	1	658	1331
1728	2	760	579
5651	1	32	1132
3243	1	498	305
6028	1	215	655
973	2	301	897
1171	2	639	577
7465	1	972	1328
3120	2	463	55
5210	1	504	1134
5441	2	449	29
1794	1	315	737
7660	1	401	466
9759	1	893	1315
7166	1	778	393
5496	1	835	287
2928	2	322	41
1148	1	835	152
9446	1	17	430
6757	2	689	290
2632	2	990	38
1450	1	477	615
6895	1	730	789
9311	1	522	515
1989	2	963	1361
2140	2	1000	1353
3346	1	210	582
2918	1	788	988
2062	1	389	372
121	1	99	1206
1250	2	190	396
2160	2	154	1092
3617	2	402	1271
5427	1	617	40
7700	2	250	1327
8612	1	684	406
7004	1	686	35
1715	1	873	696
9373	1	605	88
5782	2	148	1002
467	2	567	2
8426	1	597	95
5779	1	275	687
5131	1	209	378
3396	2	417	893
6815	2	813	565
1434	2	105	831
1018	2	823	221
5129	2	138	1436
4884	1	221	596
9106	1	404	1103
8403	1	563	1166
4342	1	870	1320
3414	1	233	1108
3080	1	33	1130
6113	2	258	37
2307	1	475	1291
7039	1	831	528
8543	2	973	55
8996	1	778	1147
5056	2	245	461
6911	2	739	351
4844	2	949	1377
3956	2	439	585
2182	1	386	728
6227	1	140	923
432	1	766	847
4886	2	486	393
6232	1	494	84
4576	1	613	540
1650	2	629	971
7613	1	109	434
5962	1	199	299
5649	2	924	572
2138	2	783	31
8688	1	383	671
9590	2	249	581
6630	1	662	596
3307	2	297	818
2019	1	684	584
8649	2	386	1324
4231	1	24	669
4825	2	472	718
7656	1	766	1127
5102	2	127	264
2391	2	526	399
2331	1	393	828
9516	2	107	499
730	1	172	546
2767	2	414	868
7908	2	33	1413
1997	2	993	807
2078	1	190	1124
1356	2	213	1173
5034	1	573	626
7090	2	924	603
9250	2	227	886
1146	2	367	1082
1826	2	810	716
8240	2	562	456
5308	1	720	1282
4888	1	795	1165
8754	2	941	636
9132	2	510	167
9517	1	441	689
4979	2	524	775
813	1	435	875
5869	1	495	370
7838	1	211	714
4537	2	944	1409
9081	1	585	290
7445	1	841	1217
7858	2	380	1240
1748	2	52	19
7355	1	685	1002
6233	1	186	716
9278	2	841	228
6485	1	396	1015
5399	1	274	171
5697	1	726	1359
1624	1	902	310
6340	1	790	581
2195	1	86	272
8094	2	858	864
7494	2	304	312
1557	1	255	1176
8117	2	758	577
4967	2	35	633
1962	2	237	1138
5514	2	572	1255
5409	2	847	486
7619	1	566	436
1371	2	210	845
5212	1	689	75
5897	1	1007	810
6516	2	241	41
2730	1	371	211
6206	1	669	1087
9785	2	697	1332
5619	1	200	753
8050	2	382	684
3094	2	699	506
3968	1	667	1327
3472	2	184	870
9893	2	735	578
9993	1	577	470
1908	2	738	66
7538	1	247	863
1241	1	627	1310
2714	2	883	107
268	2	140	1240
828	2	1001	663
2130	1	745	327
3091	2	464	404
2157	1	596	1240
6233	1	27	454
2901	2	203	648
4531	1	675	7
9302	1	736	76
2073	2	658	1221
1912	1	497	138
9121	1	793	1088
6390	1	342	93
9199	1	156	173
6016	1	813	1045
2564	1	569	1238
6602	1	289	693
1481	1	725	984
2736	1	839	403
9119	1	631	1155
4267	1	263	1339
4113	2	154	222
1824	1	377	1324
2092	2	199	64
8719	2	542	985
9044	2	368	1176
9121	2	763	169
8759	2	871	230
2008	2	97	376
516	1	837	1407
5355	1	567	20
9178	2	491	557
7689	1	455	1089
6626	1	589	44
3843	2	549	1077
5579	1	474	719
3003	2	795	989
2589	1	621	121
5438	1	199	790
5612	1	207	1284
2116	1	971	853
9041	2	683	766
6239	1	389	511
7299	2	536	967
5524	1	757	1266
1926	1	986	1300
6383	2	842	186
5047	1	474	719
1622	2	252	220
4658	2	849	660
1133	2	691	1007
1823	2	449	1365
553	2	135	94
296	1	13	407
3524	1	278	200
1318	2	484	468
1318	2	137	1344
338	1	49	183
9911	2	79	109
604	2	206	771
2864	2	993	1130
1341	1	380	12
8759	2	740	423
128	1	260	955
5647	2	683	359
9267	1	146	783
3902	1	162	128
3593	1	861	823
1030	2	379	543
3337	2	65	1145
9472	2	909	865
4588	1	428	718
1766	1	928	1402
4817	2	300	899
2083	2	458	946
2608	1	608	186
3563	1	557	323
1972	1	946	1127
6840	1	679	892
2451	1	443	692
6168	2	361	385
7764	1	271	701
7830	2	1008	1065
1332	2	397	1364
6623	1	239	414
344	2	665	62
292	2	931	321
1648	1	825	276
5287	1	918	1252
3526	1	883	963
3858	1	997	1230
860	2	622	301
773	2	122	1178
8959	2	996	486
3052	2	994	472
6434	1	231	951
7663	2	287	426
2155	2	328	190
6673	2	896	488
5237	1	897	12
1449	1	580	894
7421	2	781	838
9371	1	643	1321
9561	2	843	1189
4549	1	301	1277
8347	1	631	1110
8267	2	320	449
4836	1	744	923
1259	1	207	81
8285	2	691	583
1753	2	637	1115
107	1	214	806
994	2	78	419
9747	1	878	243
1655	1	871	1023
208	1	514	1184
463	2	577	1148
3202	2	765	1201
3721	2	418	695
7326	1	496	961
8609	1	884	1349
327	2	758	828
873	2	132	44
2086	2	623	996
945	1	716	807
9546	1	341	140
5370	1	409	1349
5115	2	906	928
8949	2	733	843
4235	1	792	987
6526	2	367	1166
7528	1	87	462
5011	1	94	537
1019	1	122	128
9502	1	18	1197
4779	2	722	201
2906	1	91	60
8576	2	98	150
4703	1	55	1293
6544	2	754	680
9366	2	169	1180
4269	2	644	213
5489	1	797	247
5033	1	362	5
2393	2	869	226
1239	2	94	1270
9742	1	894	1011
3783	1	304	824
52	1	844	406
5045	2	971	402
3723	2	818	10
3687	1	536	380
2038	1	730	1219
1372	2	98	706
5321	1	563	966
1302	1	17	712
6904	1	470	656
2048	2	607	608
81	1	601	1008
1504	2	558	533
3030	2	484	1192
7223	2	192	132
599	2	655	1200
3027	1	237	30
2471	2	153	1202
5844	2	49	647
7004	1	346	239
1115	1	107	1370
3130	1	226	185
8909	1	591	1090
2986	1	744	343
293	2	908	546
3095	2	908	1028
1639	1	927	943
5188	2	773	1264
2560	1	622	113
36	1	964	1181
6725	1	574	742
9233	1	159	36
4616	2	574	318
1686	2	735	654
4819	2	938	32
9123	2	746	155
3288	1	449	1059
782	1	154	414
1150	1	23	790
8801	2	372	158
6608	2	76	185
3862	1	618	663
2638	2	146	1377
1553	2	882	983
2617	1	995	504
658	1	772	1026
1753	2	649	698
7715	2	840	687
7064	1	620	890
1811	2	453	648
2531	1	912	1147
3473	1	243	1070
2815	2	500	1112
434	2	938	498
8290	2	996	540
255	2	1001	957
1413	1	480	1258
8741	2	888	1353
3800	1	194	1174
5217	1	878	678
5248	1	804	1130
2988	1	293	1046
2384	2	440	291
1724	1	744	17
2497	1	62	753
576	1	252	1090
5927	2	322	1370
9830	1	516	520
8690	2	43	503
1139	2	155	662
3064	1	957	1270
8450	1	406	595
7796	1	304	1239
5342	1	623	27
263	2	382	1199
4153	2	99	668
9327	1	489	1223
7044	2	293	281
9540	1	355	1438
557	1	537	459
9428	1	740	899
6553	1	226	251
2797	1	136	1116
8818	2	557	553
7982	1	710	1250
8339	1	459	937
2896	1	506	483
877	2	907	704
9693	2	508	318
8743	2	342	1003
2468	2	871	10
9943	2	729	1113
2887	1	411	208
6460	2	854	844
1617	2	883	844
4353	2	499	1052
2758	2	575	1425
7474	2	857	915
87	2	243	642
7442	1	742	498
9684	1	822	1241
1090	2	660	459
6060	2	556	547
8637	2	745	229
7425	1	741	289
2098	2	181	123
8326	2	972	1353
5019	1	102	893
5884	2	544	548
5712	1	511	686
6762	2	430	46
7949	2	60	1348
5453	1	638	441
4681	1	704	1003
2815	2	377	1098
1866	1	832	962
6406	1	10	346
4831	2	718	700
1670	2	242	758
9219	1	542	65
7695	1	498	1344
9398	1	196	618
1048	1	612	172
965	1	404	521
3579	2	482	1315
1205	2	112	479
3370	1	22	67
1487	2	270	739
2415	2	385	1277
3134	1	480	66
701	1	893	214
9095	2	738	1273
1600	2	58	423
8616	1	671	445
3542	2	476	253
3728	1	1004	244
8054	1	427	953
9339	2	292	153
8544	1	570	945
5749	1	970	316
389	2	200	654
7415	2	890	1439
2362	1	299	300
7031	1	24	218
2155	2	352	604
4177	2	47	1048
1532	2	292	933
9753	2	452	600
647	2	902	959
660	1	713	77
3560	1	858	855
2422	1	755	222
5207	1	256	1102
5916	1	451	135
1256	2	539	58
8188	2	752	86
4342	1	291	515
5205	1	996	974
6588	1	283	679
7493	1	371	616
9571	1	763	1399
5538	2	119	621
6714	2	159	632
6387	1	119	1149
6998	2	559	930
4472	1	883	908
9997	1	837	1316
863	1	497	383
2246	1	866	1438
7820	2	883	755
4321	2	65	550
3481	2	551	855
9857	1	730	836
7364	1	662	1389
9743	1	616	246
2170	1	741	1133
7636	1	155	333
8563	2	23	1026
2352	1	767	461
9619	2	497	650
3264	1	427	209
1038	2	373	794
1968	2	12	1317
9308	1	624	568
332	2	288	1418
1820	1	572	1280
6494	2	75	949
3212	2	86	992
7737	2	108	336
1985	2	504	1179
7448	1	553	728
6741	1	416	73
4018	1	983	734
8210	1	472	1077
7075	1	699	1030
6457	2	964	959
8438	2	829	1355
9409	2	759	696
6059	1	831	1048
1636	1	839	1128
2558	2	866	688
1065	2	188	75
7373	1	881	1064
2581	2	925	1167
2396	1	172	40
9083	1	291	824
625	1	270	77
7732	1	59	957
1687	2	319	714
3052	1	328	1225
4219	1	459	962
3062	1	279	154
9589	2	626	272
2259	2	698	261
8612	1	126	543
2561	1	998	112
87	2	864	146
5093	1	253	726
2940	1	875	158
3174	2	20	1191
9094	1	743	1162
9524	1	102	645
2124	1	255	758
3596	1	487	296
8312	2	84	17
6361	2	769	635
7957	2	400	514
6442	2	355	445
2940	2	139	256
1411	2	765	449
673	2	346	1082
417	1	342	1134
8781	1	931	879
7055	1	670	544
1105	1	138	183
7418	1	940	293
5020	2	799	1144
556	1	473	1121
8409	1	149	1074
857	1	594	170
6865	1	117	340
1168	1	658	844
8851	2	25	1188
7218	2	183	999
6641	2	769	92
2307	2	152	204
6895	2	322	1255
1004	2	725	420
9803	1	794	552
6487	2	959	937
2308	1	829	403
9670	2	636	426
975	2	931	850
5808	1	484	748
2332	2	511	609
5197	1	430	675
2245	2	106	338
744	1	708	1021
8306	1	686	362
5169	1	139	440
1375	1	531	546
4000	1	132	103
2784	2	270	904
7113	1	621	145
6246	2	333	955
3772	1	25	1009
4461	1	260	978
5131	1	444	119
5832	2	883	1302
2532	1	672	390
4813	2	445	195
5912	2	658	660
5734	2	587	651
3662	2	14	173
6882	2	119	979
6456	1	751	432
9750	1	362	52
9161	2	663	1265
5764	1	254	764
1776	2	886	149
2044	2	812	1194
3986	2	922	1113
775	2	591	437
2612	2	780	1323
396	1	479	486
4359	2	883	335
8703	2	744	121
5912	2	327	956
3918	1	784	288
4882	2	519	1085
1526	1	677	768
2546	1	163	1040
7990	1	44	82
2388	2	555	1386
1339	1	259	1059
553	1	990	81
7514	2	112	564
4740	1	252	1408
6388	1	903	1115
7314	2	748	1127
1852	1	696	161
5766	2	120	360
3240	2	279	514
4494	1	99	27
8081	2	1002	240
5746	2	322	587
27	2	630	527
2372	1	368	343
8705	1	211	154
3578	2	232	498
1392	2	348	1437
9245	1	559	131
6594	1	728	666
8341	2	839	454
4514	2	587	1188
823	2	533	393
5460	2	893	103
3159	2	996	1136
5729	2	842	574
7338	2	256	1234
351	1	928	955
3986	1	900	1113
6561	1	564	1218
2941	1	509	197
891	1	182	1390
7327	1	500	618
9740	1	737	1387
643	2	64	1038
2374	1	308	442
7941	1	49	940
290	1	955	1169
8337	2	470	179
8409	1	46	984
1012	1	280	615
2636	2	73	781
3741	2	997	895
2010	2	634	545
946	1	583	934
4461	2	215	1112
4875	1	346	123
1611	1	589	781
6307	2	553	1425
5497	1	490	940
7778	1	593	111
8787	1	580	1142
306	2	940	336
2471	2	935	673
1443	2	744	1348
5958	1	980	789
189	1	53	910
4040	2	228	1072
9383	1	835	196
9643	2	809	194
1582	2	81	306
2359	1	469	818
723	1	255	184
7091	1	217	535
2343	1	198	967
6935	2	592	288
8981	1	154	1319
3384	2	425	1325
1358	2	647	980
7883	1	72	596
8109	1	689	1341
5294	2	669	189
3479	2	850	1060
9176	2	716	486
791	2	200	1216
1766	2	524	159
7240	1	725	766
6358	1	296	46
8333	1	533	251
2712	1	1001	877
8103	1	859	12
8710	2	337	552
4514	2	836	1271
8412	2	106	832
7862	1	690	1047
8050	2	293	554
1609	2	491	316
4448	2	475	400
8974	1	520	1385
8124	1	792	1103
3645	2	142	820
6044	2	467	183
5650	1	760	41
7864	1	815	494
7485	2	19	743
4697	2	957	1134
2645	2	344	1281
1869	2	712	482
2706	2	878	1406
5878	1	735	365
5742	1	974	1082
2571	2	910	1412
5454	1	485	1123
7836	2	373	302
6693	2	61	1277
1806	1	864	171
7241	2	556	1086
8222	2	942	170
5384	2	748	19
4665	1	762	1138
1572	2	1009	1177
2883	2	253	90
4178	2	846	869
2751	1	546	112
1049	2	136	124
8029	2	344	470
4534	1	786	348
2969	1	852	288
5689	2	623	305
3491	1	188	1112
7497	1	91	1056
8613	1	189	507
4491	1	259	320
428	1	637	1305
4173	2	168	956
3709	1	490	440
370	2	880	531
3495	1	906	1393
1758	2	172	408
7944	1	288	722
3414	1	315	1394
2415	1	46	442
4619	2	262	1180
6070	1	125	928
284	1	474	710
5827	1	431	269
8634	2	377	467
9470	1	173	765
7459	2	145	1337
8399	2	393	962
6131	2	116	421
5557	2	502	258
7271	1	622	852
9141	2	851	596
8053	1	746	314
6562	2	1003	1254
4521	1	806	735
199	1	104	90
5533	2	458	1405
629	1	963	1156
5280	2	989	1411
5647	2	390	429
3738	1	768	917
7226	1	306	1267
9058	1	32	266
7038	2	897	327
675	1	768	108
4383	2	918	846
6512	1	149	1116
3276	2	104	257
7663	1	377	76
6878	1	674	846
8243	2	313	675
14	1	630	852
3199	2	742	124
1785	2	373	1130
1421	1	968	935
4597	1	345	473
57	2	262	358
5574	1	532	669
8583	1	815	274
4856	2	453	744
7461	1	757	820
7978	2	938	479
4257	2	220	1196
4048	1	833	1339
485	1	255	813
779	1	134	585
2070	1	692	1054
252	2	120	1130
4383	1	171	1275
2749	2	52	116
292	2	899	146
3477	2	120	527
1223	2	477	551
7365	1	337	345
1716	2	311	752
3980	1	750	515
5908	2	26	1370
3289	1	219	1202
282	2	212	66
2141	2	822	991
8343	1	190	573
2076	2	61	1047
1561	1	951	433
4004	1	223	187
2235	1	112	1433
8660	2	542	1153
1549	2	583	452
3934	2	924	913
1713	2	412	1239
9063	1	363	425
4981	2	646	1255
2924	2	859	1338
129	1	671	415
8104	1	959	201
2438	2	883	1216
163	2	472	526
9451	1	606	476
9886	2	57	88
2520	2	411	1178
7977	1	202	1096
9064	2	621	950
5502	2	773	977
9548	2	970	926
6769	2	116	1054
7932	2	451	950
748	2	633	108
4059	2	406	84
3814	1	468	76
5083	1	404	4
9372	2	816	611
504	1	379	741
7108	1	334	361
7322	2	77	1099
5253	2	337	1165
507	2	311	59
9719	2	401	975
2480	2	603	722
5643	2	288	101
9491	2	630	95
6400	1	672	183
1586	2	827	516
8882	2	555	1315
1019	1	486	409
2392	1	649	601
2116	2	554	936
4882	1	990	704
641	1	460	1394
2817	1	41	1071
2938	1	261	1033
7291	1	966	693
3010	2	275	148
5936	1	852	722
7561	2	809	366
5065	1	16	315
190	1	283	1351
857	2	184	954
1849	1	155	609
3547	2	617	1100
5999	1	935	533
3556	2	322	482
8954	2	600	1324
8808	1	599	0
9857	1	500	358
3511	2	911	545
2582	2	733	502
9813	1	158	1392
6675	2	1008	1091
4176	1	668	1072
4687	1	143	73
6136	2	268	693
2387	1	727	694
7326	2	629	809
3198	1	435	270
1207	2	996	1385
1066	1	415	1096
5819	2	96	709
6945	2	870	878
1713	2	149	1092
1546	2	29	33
1800	1	346	93
4466	1	917	978
1937	2	979	63
679	1	365	938
3917	2	112	393
3396	1	661	1251
7611	2	203	499
2126	2	916	1165
8297	2	366	964
6495	1	51	170
1940	2	715	1369
9130	2	976	402
1310	2	122	292
1046	1	844	944
543	2	991	1003
9941	2	422	835
1136	1	361	485
4875	2	389	158
4703	1	412	1216
4436	2	354	1128
5478	2	64	1214
9609	1	500	1213
1857	1	136	1331
4604	1	953	555
3729	2	835	649
1761	2	236	437
2211	2	878	92
9488	2	281	532
8539	1	240	959
2600	1	851	881
316	2	861	501
1207	1	671	1196
6900	2	124	856
2020	1	574	953
9999	1	522	565
9893	2	63	61
23	2	20	1198
7323	2	178	1013
2086	1	224	1367
1409	1	486	464
1653	2	397	378
9855	2	605	1008
2100	2	46	19
7821	1	379	877
6865	1	371	980
6567	2	370	945
7978	2	880	930
5121	2	456	1181
5316	1	420	1270
4955	2	511	1059
8867	2	755	1181
926	2	964	266
643	2	861	697
2459	2	601	109
6208	2	781	766
510	2	388	860
942	1	794	1174
8027	1	158	570
8070	2	90	541
3426	1	932	637
7569	2	354	645
7062	1	961	1233
4092	2	783	915
2305	1	1002	309
6221	2	416	1216
6350	2	160	1244
424	2	481	1305
5022	1	914	142
1271	1	82	991
4552	1	289	292
7436	1	734	232
721	2	74	1168
7940	2	84	1373
2682	2	279	883
2973	1	266	858
9210	1	222	996
2781	1	109	753
9043	2	104	1264
2832	2	922	711
9764	2	220	84
5839	1	896	757
8032	1	562	1349
5710	2	611	776
514	2	152	425
5000	2	563	993
6757	1	912	1371
8137	1	627	278
4470	2	112	1355
4295	1	779	1295
5522	1	201	251
501	1	750	746
4473	2	680	67
8240	1	708	504
3855	2	896	1134
4760	2	33	734
3665	1	102	731
9551	2	260	117
5441	1	139	1053
9385	1	513	1418
7660	1	534	219
2993	2	336	158
5837	1	224	817
7065	2	388	1255
8886	1	990	141
5263	2	701	365
184	2	538	82
3504	1	798	1198
7666	2	354	1209
1618	2	840	347
6456	2	48	1099
1280	2	1004	888
1012	2	792	872
8038	1	61	416
403	1	237	580
6948	1	868	191
7565	2	533	612
8341	2	746	1014
488	2	664	1318
6588	1	562	1147
3626	1	509	1078
806	2	596	694
9456	1	60	121
5677	2	51	549
2542	2	141	742
3113	2	343	920
961	2	888	520
5724	1	804	1238
2426	1	819	1117
6680	2	930	86
2815	2	512	1402
3058	2	275	7
7718	2	1003	741
7749	1	56	1225
4702	2	216	1434
2689	2	76	306
3045	2	619	359
6182	2	287	618
1430	2	615	335
7098	2	532	879
4783	2	856	202
3165	2	371	145
9557	2	128	740
2267	2	552	599
457	1	22	1146
1701	2	187	248
4505	2	538	128
5985	1	182	707
9221	2	186	957
5996	1	146	792
4403	2	553	973
4965	1	242	684
2344	1	123	478
5807	2	750	809
582	1	201	468
7003	1	881	1228
6456	2	395	230
4746	1	764	101
6362	1	633	1119
8699	1	985	827
5726	2	465	1213
2939	1	696	421
3684	1	973	405
389	1	421	1234
6792	2	170	1101
5329	1	512	258
9127	1	962	992
7712	1	220	458
335	1	506	510
7713	2	345	340
6087	1	436	841
5472	1	123	93
472	1	574	1305
2755	1	208	1237
9102	2	346	473
9196	2	453	738
5240	1	989	648
9387	1	546	286
6635	2	392	633
1767	2	441	1428
4305	2	193	467
527	2	803	711
9256	1	579	242
4985	1	323	523
4990	2	337	1124
9087	1	281	234
2423	2	87	141
6197	1	896	1184
6126	2	290	451
5702	1	777	224
3582	1	363	690
4319	2	462	45
5162	1	888	410
888	1	599	65
1571	2	987	1228
7550	2	841	970
2021	1	113	689
8292	2	746	519
7097	2	924	867
1080	1	710	847
2353	2	33	1041
7960	2	149	1355
452	1	1003	1184
2029	2	458	119
6329	2	590	1029
2946	1	390	38
301	2	397	587
1015	1	131	795
9727	2	540	563
3660	2	409	528
4775	1	798	591
3239	2	301	50
5499	1	401	1062
1720	1	989	771
3030	2	669	147
2823	1	693	151
3163	2	697	582
5977	1	693	408
191	1	950	1218
9431	2	985	258
3148	1	906	797
5769	1	887	1319
603	2	542	611
7072	2	660	172
5101	2	704	979
315	2	144	106
4458	2	18	929
3491	1	189	494
5000	1	681	690
1971	2	28	570
9362	2	567	963
1739	1	432	930
6236	1	514	1346
6712	2	506	431
5275	2	10	1267
8484	2	963	799
9492	1	518	205
6299	2	189	899
9447	2	744	1371
6667	2	706	960
1059	1	525	635
7076	2	586	1007
6906	1	686	642
6576	1	186	1437
1627	2	658	1398
2138	1	744	1356
6476	1	289	1330
4653	1	1008	1200
6771	1	818	774
9038	2	794	1362
7409	2	486	1108
2882	1	570	432
4659	2	91	276
279	1	134	507
5407	2	866	433
361	1	236	696
5452	2	225	138
6553	1	137	928
329	2	530	498
7154	2	891	736
2869	2	954	497
6154	2	632	793
6678	1	123	512
3092	1	580	1281
6353	1	795	816
3758	1	919	832
5770	2	690	324
8244	1	525	884
1559	1	904	1107
2605	2	644	942
1754	2	621	583
2329	1	602	1075
8059	2	254	1344
2199	1	580	1372
6553	2	55	1074
725	1	984	1110
9828	1	43	515
7110	1	340	322
349	1	438	1198
9421	2	692	982
182	1	780	354
8059	2	88	954
2062	2	159	1187
5494	2	772	108
2258	1	157	808
1791	1	791	1052
1518	1	335	1180
360	1	308	721
5042	1	68	1246
9391	2	316	35
5476	2	987	961
1946	1	65	1151
9994	2	781	204
6172	2	596	486
9796	2	521	506
6855	2	273	1357
7071	1	725	987
7200	2	430	414
2689	1	740	1138
254	2	567	566
9666	2	130	1301
7192	2	261	198
7972	2	722	1040
4174	1	706	1330
638	2	577	259
1586	2	663	917
8926	1	600	735
9087	2	583	347
4470	2	406	1388
3657	1	49	1285
2629	2	44	38
532	1	865	776
2221	2	431	1244
5599	1	383	622
4899	2	201	656
3444	2	783	212
3082	1	488	345
7323	1	128	811
6917	1	877	964
8787	2	301	1175
1009	2	543	431
4161	2	255	307
2342	2	854	76
4038	1	137	874
745	1	1008	292
9043	1	194	31
3927	1	527	1233
9205	2	166	295
2758	1	617	899
4058	1	309	1354
9554	2	390	413
687	1	211	773
8184	2	510	917
9851	2	79	107
8855	2	513	855
1148	1	444	1215
3163	1	109	738
7799	1	875	27
7549	2	787	1353
611	2	407	781
2692	1	58	531
9879	2	911	309
6841	1	106	1372
9701	2	719	72
5569	2	619	658
6991	1	416	400
3904	2	308	1241
5675	1	491	1289
4270	1	396	775
4978	2	186	518
2360	1	724	1161
1817	1	872	810
491	1	499	700
651	1	691	687
4448	2	361	1365
7921	1	993	451
2258	1	948	857
2871	1	696	518
5367	1	302	102
3544	1	685	77
7780	1	853	296
2432	2	830	66
1580	1	338	580
8488	1	880	257
1478	1	658	401
3144	1	370	700
2387	2	224	1050
2198	1	703	920
1	1	393	1086
3398	1	488	879
406	2	847	688
4240	1	112	812
3317	2	383	567
5566	1	430	1362
8196	2	554	463
3104	2	606	1205
1822	1	655	1222
2024	2	993	1023
9829	2	712	351
8363	2	785	1388
4646	1	729	786
7317	1	469	558
3054	1	340	971
2853	2	675	1258
5084	1	552	711
1421	1	433	473
2550	1	437	442
4226	1	58	1161
6130	2	217	1292
4672	2	144	1241
9325	2	615	279
4361	1	948	192
6506	1	978	714
6569	1	264	167
2288	1	46	137
2607	2	461	650
6686	2	888	235
9627	1	173	187
2090	2	553	827
727	1	139	991
5519	1	815	695
8171	1	542	239
5476	1	475	116
6150	1	818	632
9028	1	692	1240
3279	2	414	508
7448	2	619	94
6914	2	487	431
2577	1	157	534
3256	2	387	346
3430	2	109	66
7683	1	319	1051
4122	2	567	827
1358	2	786	931
5296	2	189	330
840	2	831	919
1928	1	246	207
9031	1	983	48
4627	2	850	477
1900	1	221	1403
9500	2	896	1339
2550	2	40	1146
9328	2	624	613
2288	2	381	1184
8846	1	609	1193
7344	2	418	601
6889	2	748	811
3673	1	380	0
5406	1	46	513
4635	2	762	743
3175	2	730	472
5680	1	640	563
4087	1	453	1101
7452	1	541	1372
9056	1	137	1365
2516	2	717	81
8649	1	835	150
2805	2	367	1363
5348	2	533	1291
79	2	712	1173
7743	2	436	1219
3250	1	102	899
2685	1	731	1411
2582	1	518	1208
7064	1	758	1024
5202	1	639	1317
7069	2	503	1317
7495	1	533	1073
5389	1	197	19
6043	1	382	500
1435	1	760	1020
9886	1	136	1019
6736	2	831	391
3522	2	426	967
586	2	98	1392
9040	1	638	1102
3624	1	592	37
1775	1	798	1016
1679	2	906	362
6175	2	756	291
4777	1	982	277
5185	2	408	1311
1938	2	221	626
3233	2	630	1267
70	2	389	257
1028	2	293	695
3586	2	296	1107
2283	2	928	88
2092	1	891	272
2249	2	329	695
2650	2	224	372
8771	1	706	41
8916	2	108	494
4565	1	946	1272
1120	2	42	1408
9231	1	502	609
5069	2	150	738
5868	2	837	277
6353	1	211	990
6224	1	899	120
7064	2	253	1333
5016	2	671	1125
953	1	167	217
4363	1	693	551
2205	2	103	1425
2920	2	340	2
6620	2	965	24
796	2	609	136
7978	1	240	222
2422	2	675	356
1869	1	985	165
6287	2	781	1011
6393	2	542	710
9378	1	383	101
818	2	720	1226
5102	1	996	769
608	2	702	433
1460	2	533	30
2589	2	183	366
4397	1	877	107
8178	1	707	1352
8626	2	572	328
107	1	691	507
1939	2	125	458
3237	2	21	629
9761	2	191	27
3945	1	737	1082
3808	1	463	535
8046	2	823	1185
1458	1	116	1425
3902	1	311	340
3199	2	122	44
6863	1	494	660
8510	2	584	867
6707	1	536	146
4273	1	314	929
274	1	560	599
3304	1	288	425
5416	1	690	381
956	2	949	1359
6277	1	402	788
1844	1	88	1149
8211	1	682	862
7414	1	574	912
166	2	40	467
4234	1	726	376
3339	2	693	30
4691	2	396	1083
67	1	1007	286
4078	2	839	818
6818	1	264	1222
2262	1	451	1067
6821	1	133	989
7271	1	368	646
2929	1	632	543
2984	1	857	472
5070	2	487	666
8627	2	341	75
1914	1	50	1073
8028	2	754	1179
4820	2	857	285
8990	2	285	826
470	2	732	743
138	2	554	333
6382	2	1000	623
6315	1	699	461
3907	1	561	1097
5793	1	889	552
5310	1	282	538
4463	1	308	93
7724	1	271	255
4008	1	545	1380
5659	1	692	39
5373	2	311	899
1459	1	227	1300
1273	1	793	1273
7691	2	90	30
7854	2	711	1432
254	2	138	1295
946	1	485	227
2815	2	618	648
1445	2	946	212
4256	1	234	1435
7594	2	306	1368
9615	1	480	719
7970	2	757	209
7412	1	510	767
3624	2	326	275
6014	1	354	1051
9267	1	205	1063
8551	1	444	230
8068	2	333	939
5302	2	868	1046
3797	2	846	304
4036	2	474	1047
445	1	388	827
2759	2	619	968
6533	2	750	645
6078	1	707	476
5096	1	72	1403
4453	2	350	987
1729	2	442	1183
1529	1	637	990
3358	1	591	741
7720	1	423	599
2799	1	615	342
9594	1	86	327
1266	1	861	1200
3336	2	1006	933
7258	2	609	1124
9545	2	985	254
40	2	151	215
450	1	149	911
576	1	894	738
5655	1	556	941
3798	2	866	1202
3699	1	364	286
6057	1	11	489
5996	1	789	381
34	1	420	58
5978	1	469	1178
8698	1	285	497
1838	1	383	279
7329	2	553	1097
1088	1	936	684
8437	2	840	1300
5355	1	1001	452
293	1	510	630
7591	1	200	1086
6182	1	546	714
1201	1	974	365
1130	1	521	444
2070	2	378	248
4890	2	192	109
352	1	21	1083
5178	2	205	371
9599	2	444	772
9452	1	39	214
6142	2	721	1110
6338	1	665	1268
1468	1	402	1130
5004	1	460	190
1967	2	465	809
921	2	818	153
2879	1	682	819
6803	2	723	1341
1769	1	232	28
9818	1	251	409
670	1	632	170
1320	1	402	46
4976	2	701	760
8388	1	27	751
6557	2	914	437
9479	2	622	903
9755	2	331	69
7529	2	838	755
9315	2	373	31
5472	2	307	1316
5181	1	241	334
4172	1	577	1022
8017	2	821	720
7822	1	592	1404
29	2	522	1050
67	1	122	42
2528	1	447	594
9278	2	600	489
2177	2	117	468
8416	2	813	462
5665	1	833	1038
2352	1	857	1251
6312	2	829	1059
5438	2	863	581
1997	1	128	11
9195	1	535	805
5499	2	41	722
6991	2	141	967
4472	2	296	117
5460	1	705	230
579	2	189	776
4602	1	117	269
436	2	598	466
6317	1	202	1439
2334	2	941	1103
7632	1	339	1105
2121	2	536	13
6944	2	488	1227
3058	1	984	240
2072	1	844	491
1581	1	563	271
4689	2	752	737
4265	2	194	1333
2713	1	246	51
8404	1	331	1056
6784	2	694	571
3316	1	119	1029
8083	1	300	388
7423	1	405	330
1912	2	936	913
4985	2	926	138
2018	2	533	855
283	2	439	405
6829	1	339	958
3628	1	411	813
4739	2	342	419
3749	2	726	554
4080	1	876	472
3667	2	179	631
2740	2	242	323
6823	2	838	1075
3562	1	344	667
67	2	890	593
1552	2	888	1327
4595	1	109	920
6383	1	451	350
3280	2	743	260
3941	1	476	1312
2578	1	415	739
3652	2	155	1115
2498	2	342	729
2675	1	227	847
7795	1	818	1148
8650	2	213	651
7818	2	324	856
4862	2	403	1141
3120	1	810	45
5630	2	590	391
9042	2	694	940
6895	1	944	588
6666	2	565	638
893	1	242	295
9528	2	144	381
9384	2	559	300
7820	1	879	793
5443	1	527	773
6073	1	161	308
3187	2	525	622
3861	2	582	710
530	1	218	281
4452	2	341	473
8798	2	544	587
4301	2	390	910
6442	1	448	509
3757	1	337	855
2385	2	452	541
7513	2	13	571
1305	2	189	394
4110	2	802	1397
3489	2	94	1211
3981	1	399	1269
9390	2	431	601
8829	1	101	734
2740	1	876	224
6783	1	218	966
2687	1	963	354
2138	1	327	633
9566	2	705	1252
6531	1	106	310
1377	2	86	1248
5192	1	245	1073
9907	1	476	1217
4624	2	541	559
8781	1	20	1193
9333	2	468	1133
2236	1	10	430
2646	2	695	505
755	1	692	729
1629	2	777	535
4184	2	302	1382
9472	2	774	1310
2792	2	137	967
5835	2	993	889
4113	2	703	513
6816	2	566	102
6659	1	288	845
2403	1	457	1114
505	1	465	280
6331	1	389	603
3644	1	152	163
2806	1	582	484
5222	1	849	644
9013	2	336	997
6722	1	52	1124
7261	2	725	192
1214	1	445	255
8454	1	147	205
6587	2	42	231
9660	1	667	951
2999	1	809	1312
5777	1	299	157
2127	2	455	1349
8058	2	701	274
6064	1	18	1378
2893	1	414	542
2596	2	80	729
9608	1	896	154
3974	1	541	382
1898	1	505	375
2553	1	105	122
6589	1	257	1080
9449	1	560	1099
2180	2	384	1012
8970	2	136	34
1343	2	597	725
7629	1	607	1379
5963	1	680	187
6775	2	138	265
1215	2	249	1306
7628	1	583	736
2643	2	855	1112
5959	2	916	1097
7350	1	315	688
8086	2	397	1242
9270	2	538	753
8206	1	59	1275
4090	2	678	95
7042	2	823	426
7176	2	149	49
5683	1	723	1016
6684	2	344	658
1335	1	369	426
5225	2	237	417
441	1	970	1080
83	2	294	273
4313	1	224	913
8611	1	32	1065
7667	2	924	725
1109	1	125	260
3544	2	578	1050
9943	2	387	850
8940	1	40	40
3396	2	299	1142
2386	1	491	1053
6351	1	490	294
8852	1	489	1097
6184	2	619	1358
8292	2	680	499
6111	1	347	558
6577	2	269	1298
3717	2	643	279
7159	2	694	661
6360	2	954	49
813	2	217	700
1266	1	464	1208
5485	2	394	1405
1890	1	620	283
6402	2	490	1056
4526	2	424	380
6400	2	202	1283
4544	1	840	594
6991	2	508	918
1189	2	518	394
3521	2	42	224
9242	1	1000	482
3336	1	669	88
7558	2	488	1356
8055	1	520	1101
3376	2	476	433
6557	2	826	127
4586	1	620	651
9893	2	1007	131
1152	1	190	618
4165	1	536	867
5572	2	133	1009
1938	1	982	348
1895	1	709	694
4999	1	235	926
3884	2	521	549
9507	1	809	943
1626	2	878	605
1398	2	953	9
7891	1	870	113
8043	2	454	983
6306	2	70	776
7991	2	863	796
9763	1	727	542
9135	2	729	973
5698	1	432	769
6643	2	618	497
9323	2	427	1333
5463	2	702	872
7698	2	300	1232
8616	1	206	321
1157	1	957	95
8501	2	717	1283
9425	2	204	447
6144	1	57	197
5698	2	979	197
6239	1	560	693
7096	1	592	1271
1824	2	824	373
793	1	843	528
9195	1	486	1401
9887	2	763	863
9098	1	864	459
3871	1	688	1320
7053	1	155	1000
7636	2	122	162
9971	2	878	992
2424	2	537	376
220	2	884	761
9646	1	123	425
1027	2	998	716
4491	2	393	744
6455	1	287	1159
2393	2	514	860
5600	2	358	1385
3597	2	103	769
2442	2	824	137
3376	2	517	517
5946	1	483	336
9233	1	918	363
3175	2	748	826
1006	2	609	1356
347	2	89	1402
7342	1	589	401
9681	1	48	1267
5683	2	162	1146
1426	1	175	351
5253	2	768	346
7808	1	466	971
1369	2	461	89
3257	1	960	57
7712	2	259	1265
7626	2	902	1117
520	1	416	241
7988	1	298	1344
6273	1	965	573
3906	2	969	1024
716	2	807	1324
6328	2	994	1295
5328	2	593	777
6603	1	328	1232
4542	2	928	498
794	1	140	573
4269	1	678	1372
1341	1	313	323
3443	2	136	1133
656	1	742	1059
6290	2	752	384
4348	1	800	531
3747	2	27	357
9641	1	821	220
2239	2	595	990
5711	1	458	986
8833	2	383	708
1971	1	662	223
497	2	646	160
8776	1	692	368
9613	1	720	882
1741	2	61	550
6978	2	549	269
8939	1	660	334
3332	2	163	952
8959	1	736	265
6096	2	100	271
4131	1	678	1261
7415	2	766	1024
8937	1	876	674
3534	2	658	847
8670	2	775	998
5498	2	614	690
6630	1	550	426
7806	2	691	598
7604	1	29	19
678	2	143	920
490	2	187	314
5207	1	956	845
1646	2	956	108
2140	2	783	987
8488	2	55	554
3054	2	442	381
3801	2	849	202
3952	1	738	1122
292	2	208	884
1864	1	921	271
9246	2	25	102
5548	2	934	473
1592	1	731	1105
8602	2	592	1099
9190	1	74	602
8354	2	959	486
9649	2	221	825
1625	1	555	988
8576	1	800	413
4582	1	82	724
3178	2	194	1383
6699	2	63	1066
4883	1	472	234
7713	2	894	1164
1735	2	872	977
3634	2	1001	638
292	1	231	25
9123	2	389	1238
3438	1	124	915
614	2	526	480
2169	1	411	1284
2423	1	79	1436
2673	1	411	676
8058	2	154	539
774	2	872	354
7306	2	534	165
8889	1	801	958
7412	2	868	342
6975	1	91	782
1129	1	34	29
456	2	380	1274
6090	1	128	636
5499	1	569	1248
8290	1	878	395
6226	1	801	1200
2414	1	123	628
9870	1	544	1425
3502	1	495	56
4941	1	693	1178
7176	2	714	617
125	1	772	1402
2259	1	763	590
6786	2	605	177
7502	2	610	706
6059	2	402	757
5781	2	878	757
1712	1	557	1198
97	2	688	937
4946	2	528	825
5959	1	214	567
9312	2	219	617
4502	2	329	360
3700	1	362	545
4143	1	351	1084
2677	1	84	1308
805	2	274	6
7670	2	949	165
6083	2	471	1293
7188	1	252	127
7347	1	728	1261
46	2	950	671
6872	2	995	788
9921	1	145	332
2901	1	912	230
7870	1	514	678
1427	2	294	954
1208	1	913	156
5453	1	239	474
6989	2	63	885
4966	1	408	71
2947	2	750	200
4384	1	26	530
2528	1	233	1348
728	2	52	1028
4031	2	240	1353
9257	1	974	1271
9374	2	894	140
3215	2	335	283
5887	2	970	1335
8134	2	184	1330
1579	1	785	6
7602	1	167	1300
4041	2	107	1355
225	2	798	876
1144	1	769	524
2978	1	41	1401
7517	2	477	1152
6970	1	11	974
8510	2	843	469
2836	1	209	530
3176	1	216	1325
3612	2	21	545
9186	1	314	60
5552	2	468	1353
4023	1	1008	940
3047	1	505	1133
2536	2	749	729
6553	1	264	806
6324	1	105	1238
161	2	868	1277
9493	2	984	262
1572	1	10	274
6227	1	433	67
4003	1	419	1017
7505	1	608	442
7128	2	566	343
3015	2	909	1325
9948	1	620	169
8234	1	602	752
9925	2	578	1278
2362	1	617	1069
1271	1	722	1016
6364	1	660	1344
1190	2	98	655
185	1	827	987
5763	2	163	1229
3445	1	58	1411
525	1	227	339
5299	1	632	593
4537	1	828	147
5011	1	209	1107
1934	2	828	1204
9410	1	197	616
4188	1	675	657
6115	1	839	583
4306	1	767	378
2548	2	775	601
7282	1	603	1106
1213	1	928	890
808	1	635	1135
6907	1	882	860
2833	2	10	93
6330	1	729	100
3229	1	685	411
4571	1	244	427
4013	1	662	1276
5687	1	15	1406
286	1	617	72
6298	1	346	1182
3098	2	474	920
1584	1	416	257
7507	2	221	254
8154	2	305	400
7486	1	764	635
5476	2	808	1095
1090	2	621	550
5847	2	421	600
1871	2	122	1004
6780	2	116	168
3920	2	527	170
3038	2	52	1072
1487	2	959	309
576	1	705	1181
514	1	407	915
1226	2	235	880
2600	1	921	63
4235	1	413	287
7500	1	507	137
827	2	951	50
6360	1	438	83
77	2	708	1351
1331	1	487	981
2746	1	516	111
1450	1	593	442
901	1	723	1327
1534	2	745	225
539	2	993	224
5168	1	913	1245
8792	1	112	463
110	1	54	1045
899	1	593	957
6689	1	305	229
5596	1	759	1376
3100	2	577	1275
1368	1	537	64
7536	2	1008	122
7862	1	885	1243
4442	2	282	731
5273	1	624	578
9299	2	905	1191
95	1	367	1305
305	2	252	990
6066	2	545	1179
1344	2	99	1044
1379	2	218	180
174	2	796	1199
8408	1	834	1061
4059	2	993	1226
5264	1	228	804
9504	2	1000	20
8650	1	808	1113
8262	2	474	145
5300	2	977	514
9717	1	668	440
9170	1	816	815
3994	1	617	1172
2152	2	319	1255
854	1	38	547
9460	2	414	194
8222	1	173	474
2994	1	89	1068
968	2	723	127
4919	2	688	296
1474	2	42	526
9219	1	750	1067
8299	2	495	853
9019	2	355	93
2173	2	684	119
2468	2	778	188
2841	2	695	940
6566	1	244	568
6033	2	210	288
6791	2	699	344
8501	1	249	752
6945	2	383	563
2090	2	711	112
9137	2	404	1176
823	1	74	1095
750	2	802	455
2088	1	586	465
2604	2	404	533
4684	1	862	1213
1350	1	386	556
3743	1	407	1228
3059	1	159	1097
3107	2	26	344
5972	2	516	829
3991	2	778	1131
9030	2	475	1164
1099	2	644	1123
1128	2	84	1072
1156	1	906	1429
4468	1	300	887
4456	2	705	679
5377	2	673	1377
2664	2	147	308
8627	2	583	611
245	2	821	172
3671	1	262	487
6606	1	258	913
2696	2	913	650
3426	1	710	923
2288	2	320	604
2824	2	267	373
5816	2	999	3
8421	2	368	638
8233	2	70	1049
1706	2	29	681
7255	1	687	41
1285	2	89	701
6351	2	411	886
1898	2	164	1302
2430	1	597	20
180	2	941	930
5942	2	957	205
782	2	469	1093
5070	2	911	413
3095	1	641	437
8481	1	193	887
6649	2	540	255
7709	1	544	1246
1093	2	412	256
8099	2	508	716
1952	2	808	428
2159	1	167	1199
485	1	848	1355
376	2	282	614
6554	1	621	215
2765	2	376	552
3303	2	404	416
3423	2	65	1278
7131	1	192	1000
263	1	177	1029
7793	1	637	71
9453	2	590	333
425	2	542	1383
6115	2	693	476
1662	1	687	41
9721	1	414	843
3718	1	516	159
7449	1	187	583
8700	1	688	848
5001	2	165	562
9784	2	191	439
6459	2	463	1280
7586	2	549	740
530	2	561	1147
2904	2	124	1114
1967	1	351	95
6819	2	361	463
3716	2	583	1374
5494	1	367	975
4365	2	951	989
748	1	188	1306
2936	1	956	213
6904	1	343	641
2243	2	348	755
650	1	232	460
6932	2	557	1273
1126	2	392	535
5037	1	787	379
1842	1	557	1328
5294	1	38	1026
8960	1	183	1019
8573	2	225	76
5854	2	94	1007
3396	1	861	490
6817	1	729	1079
3863	2	436	513
5359	1	56	145
6739	2	151	330
3336	1	867	274
352	2	328	114
7435	1	953	1280
9261	2	104	1307
959	1	130	310
867	2	658	537
1271	1	533	1092
2132	1	471	885
5320	2	835	844
8235	1	904	1069
1421	2	266	902
9778	1	495	850
8508	1	492	701
7941	1	118	937
8887	2	53	400
969	1	701	683
1226	2	744	1266
3664	1	497	485
9318	1	706	267
379	1	304	1208
4362	1	693	116
7159	1	238	1370
230	2	894	510
1845	2	451	1203
5617	1	464	172
6573	1	947	865
6431	1	159	245
9446	1	405	21
2755	2	830	1187
8004	2	348	1044
1112	2	322	694
9077	1	857	599
6855	2	316	226
451	2	766	1355
4630	1	731	1389
8919	1	268	977
8944	2	215	850
9055	2	839	511
1145	1	743	1376
8850	1	189	509
1556	2	68	219
7280	2	226	649
5723	2	204	762
3687	2	431	435
3672	2	609	808
4614	1	398	930
5422	1	855	900
9215	2	784	1038
5667	1	473	801
2599	2	503	580
859	1	348	166
3275	1	29	69
7014	1	218	686
5308	2	619	1190
5603	1	497	585
8406	2	810	17
2311	2	497	1274
437	1	534	355
9435	2	682	759
4624	2	493	13
8989	1	771	908
1945	2	621	467
8827	2	796	1081
2066	1	35	240
6715	2	558	1391
1150	1	389	528
1879	1	333	918
